1.491074411106676212e-01,0.000000000000000000e+00,5.503753583769450432e-03,4.931682326143136536e-02,0.000000000000000000e+00,1.085840332666648811e-01,3.143876467718985657e-01,0.000000000000000000e+00,1.095302133780216153e-01,0.000000000000000000e+00,1.415246702208383112e-01,9.270610269604522826e-04,0.000000000000000000e+00,6.815341477487057639e-04,0.000000000000000000e+00,0.000000000000000000e+00,2.502962995988003078e-02,0.000000000000000000e+00,0.000000000000000000e+00,0.000000000000000000e+00,0.000000000000000000e+00,0.000000000000000000e+00,0.000000000000000000e+00,0.000000000000000000e+00,0.000000000000000000e+00,0.000000000000000000e+00,0.000000000000000000e+00,0.000000000000000000e+00,0.000000000000000000e+00,0.000000000000000000e+00
3.862905755478233255e-02,0.000000000000000000e+00,0.000000000000000000e+00,1.024203090013401790e-01,1.963791278108799679e-02,3.706370712812624008e-02,1.550605801964190511e-01,0.000000000000000000e+00,8.495339334520546001e-03,2.190173310766961831e-05,2.076555912733206166e-01,0.000000000000000000e+00,1.179071646385815818e-02,1.636144102017571544e-01,0.000000000000000000e+00,1.036747276091460473e-02,9.591651754911550976e-02,0.000000000000000000e+00,0.000000000000000000e+00,0.000000000000000000e+00,0.000000000000000000e+00,0.000000000000000000e+00,0.000000000000000000e+00,0.000000000000000000e+00,0.000000000000000000e+00,0.000000000000000000e+00,0.000000000000000000e+00,0.000000000000000000e+00,0.000000000000000000e+00,0.000000000000000000e+00
5.485902942441172464e-02,0.000000000000000000e+00,0.000000000000000000e+00,2.063186550791120538e-02,3.945899032541314022e-02,1.596369470377751940e-02,6.527570832401925760e-02,0.000000000000000000e+00,1.379113166222910580e-01,9.209420947396992907e-02,0.000000000000000000e+00,8.005171750969893030e-02,1.076677671675569381e-01,3.711456820626527625e-02,1.869137592475763610e-01,1.684125698673395732e-01,6.723687027974576541e-03,1.806828435791959508e-01,1.330257053179989546e-01,0.000000000000000000e+00,0.000000000000000000e+00,0.000000000000000000e+00,0.000000000000000000e+00,0.000000000000000000e+00,0.000000000000000000e+00,0.000000000000000000e+00,0.000000000000000000e+00,0.000000000000000000e+00,0.000000000000000000e+00,0.000000000000000000e+00
1.578951562527825675e-02,1.877814524435459092e-05,7.424279554474315791e-05,2.279240104728611285e-03,0.000000000000000000e+00,4.422544173625271302e-01,1.285843724949799483e-01,0.000000000000000000e+00,0.000000000000000000e+00,0.000000000000000000e+00,5.839263864288225109e-02,5.220298072029459606e-03,3.429919826792980240e-04,5.275625466462141415e-03,0.000000000000000000e+00,4.369311620789301871e-04,0.000000000000000000e+00,8.742688573304630093e-04,0.000000000000000000e+00,0.000000000000000000e+00,0.000000000000000000e+00,0.000000000000000000e+00,0.000000000000000000e+00,0.000000000000000000e+00,0.000000000000000000e+00,0.000000000000000000e+00,0.000000000000000000e+00,0.000000000000000000e+00,0.000000000000000000e+00,0.000000000000000000e+00
4.891831502851198138e-02,0.000000000000000000e+00,0.000000000000000000e+00,2.142715750907233374e-01,1.641614463352394915e-02,0.000000000000000000e+00,7.434227806720182519e-02,0.000000000000000000e+00,8.328774466508720442e-02,0.000000000000000000e+00,1.015713190041767910e-01,0.000000000000000000e+00,2.841593070082395079e-03,1.437124731892220897e-01,0.000000000000000000e+00,9.124125694746637247e-03,9.885869473890236681e-02,1.355065869916997554e-02,0.000000000000000000e+00,0.000000000000000000e+00,0.000000000000000000e+00,0.000000000000000000e+00,0.000000000000000000e+00,0.000000000000000000e+00,0.000000000000000000e+00,0.000000000000000000e+00,0.000000000000000000e+00,0.000000000000000000e+00,0.000000000000000000e+00,0.000000000000000000e+00
0.000000000000000000e+00,1.843452114565199214e-04,4.316036162918417823e-02,0.000000000000000000e+00,8.074532226777350608e-02,0.000000000000000000e+00,0.000000000000000000e+00,2.931535817858652720e-02,0.000000000000000000e+00,1.910357235661049036e-01,4.977885470803503423e-03,6.346334248376454823e-02,1.435137107425066838e-01,0.000000000000000000e+00,1.501624620156569723e-01,1.857177031715415427e-01,0.000000000000000000e+00,1.952004276491425550e-01,1.462365346309454917e-01,0.000000000000000000e+00,0.000000000000000000e+00,0.000000000000000000e+00,0.000000000000000000e+00,0.000000000000000000e+00,0.000000000000000000e+00,0.000000000000000000e+00,0.000000000000000000e+00,0.000000000000000000e+00,0.000000000000000000e+00,0.000000000000000000e+00
2.195724166446240064e-02,0.000000000000000000e+00,1.981585505784362426e-03,1.005081933852581925e-02,0.000000000000000000e+00,1.157780470799449207e-01,1.163567754279470068e-01,4.868182705547972888e-04,0.000000000000000000e+00,0.000000000000000000e+00,3.669149339573836432e-02,4.022302703867546882e-03,2.656815583700681925e-05,0.000000000000000000e+00,0.000000000000000000e+00,0.000000000000000000e+00,0.000000000000000000e+00,4.129419153506161400e-03,0.000000000000000000e+00,0.000000000000000000e+00,0.000000000000000000e+00,0.000000000000000000e+00,0.000000000000000000e+00,0.000000000000000000e+00,0.000000000000000000e+00,0.000000000000000000e+00,0.000000000000000000e+00,0.000000000000000000e+00,0.000000000000000000e+00,0.000000000000000000e+00
3.787523809495470326e-03,0.000000000000000000e+00,0.000000000000000000e+00,0.000000000000000000e+00,0.000000000000000000e+00,8.250146382454670579e-02,7.173832264239209111e-02,0.000000000000000000e+00,0.000000000000000000e+00,0.000000000000000000e+00,2.046695362674415264e-01,0.000000000000000000e+00,0.000000000000000000e+00,0.000000000000000000e+00,0.000000000000000000e+00,0.000000000000000000e+00,0.000000000000000000e+00,0.000000000000000000e+00,0.000000000000000000e+00,0.000000000000000000e+00,0.000000000000000000e+00,0.000000000000000000e+00,0.000000000000000000e+00,0.000000000000000000e+00,0.000000000000000000e+00,0.000000000000000000e+00,0.000000000000000000e+00,0.000000000000000000e+00,0.000000000000000000e+00,0.000000000000000000e+00
7.983416222264241857e-04,2.206241578386468893e-01,1.869867501345351402e-01,1.382756303753248373e-01,0.000000000000000000e+00,1.696302491093801268e-02,0.000000000000000000e+00,1.478885470935044077e-01,1.822990783371338311e-02,6.697028215881403951e-04,2.614308519211870283e-02,7.479261961941529972e-03,3.855095403681402244e-02,0.000000000000000000e+00,0.000000000000000000e+00,0.000000000000000000e+00,3.272026613854329274e-02,2.538292107280780696e-01,0.000000000000000000e+00,0.000000000000000000e+00,0.000000000000000000e+00,0.000000000000000000e+00,0.000000000000000000e+00,0.000000000000000000e+00,0.000000000000000000e+00,0.000000000000000000e+00,0.000000000000000000e+00,0.000000000000000000e+00,0.000000000000000000e+00,0.000000000000000000e+00
0.000000000000000000e+00,9.935075407557356075e-02,0.000000000000000000e+00,0.000000000000000000e+00,0.000000000000000000e+00,3.533623499282693807e-03,9.850390878253779264e-03,1.661952022664126352e-02,1.128783663938213305e-01,5.353614638747081905e-02,0.000000000000000000e+00,2.965492465342599027e-01,2.701619891748441651e-02,2.115817855972797201e-02,4.773824628824190064e-03,2.806829292693015059e-03,7.734013050526891350e-03,0.000000000000000000e+00,0.000000000000000000e+00,0.000000000000000000e+00,0.000000000000000000e+00,0.000000000000000000e+00,0.000000000000000000e+00,0.000000000000000000e+00,0.000000000000000000e+00,0.000000000000000000e+00,0.000000000000000000e+00,0.000000000000000000e+00,0.000000000000000000e+00,0.000000000000000000e+00
0.000000000000000000e+00,0.000000000000000000e+00,0.000000000000000000e+00,0.000000000000000000e+00,4.526117494180412898e-02,0.000000000000000000e+00,0.000000000000000000e+00,0.000000000000000000e+00,0.000000000000000000e+00,1.284460359597529855e-01,1.574415224259324234e-03,5.853469208466750145e-02,1.299458085768733229e-01,2.148024528105846927e-03,1.505483417692197734e-01,1.878045193648825162e-01,0.000000000000000000e+00,1.750289896161157654e-01,1.271780217329094020e-01,0.000000000000000000e+00,0.000000000000000000e+00,0.000000000000000000e+00,0.000000000000000000e+00,0.000000000000000000e+00,0.000000000000000000e+00,0.000000000000000000e+00,0.000000000000000000e+00,0.000000000000000000e+00,0.000000000000000000e+00,0.000000000000000000e+00
8.441818473821101343e-02,0.000000000000000000e+00,5.642654798550679474e-02,7.525921426635890331e-03,8.804547589925477979e-02,2.577685416959801454e-02,3.597217822253407932e-03,0.000000000000000000e+00,5.528844396520103850e-03,0.000000000000000000e+00,2.608408398083081250e-03,3.274505056831385208e-02,0.000000000000000000e+00,5.051243684766774933e-03,1.075516453141401874e-01,3.276687038836216537e-02,0.000000000000000000e+00,0.000000000000000000e+00,2.125819306288337929e-01,0.000000000000000000e+00,0.000000000000000000e+00,0.000000000000000000e+00,0.000000000000000000e+00,0.000000000000000000e+00,0.000000000000000000e+00,0.000000000000000000e+00,0.000000000000000000e+00,0.000000000000000000e+00,0.000000000000000000e+00,0.000000000000000000e+00
2.425123033838350040e-02,5.454642819761697974e-04,2.702900321500592562e-01,3.443980339510026301e-02,0.000000000000000000e+00,5.961918184591313667e-03,2.883578823243381287e-02,0.000000000000000000e+00,3.137723766204315954e-03,5.130246215139334931e-02,0.000000000000000000e+00,2.741528592394960537e-02,3.318276196272462036e-03,0.000000000000000000e+00,0.000000000000000000e+00,0.000000000000000000e+00,9.908178882551818209e-03,0.000000000000000000e+00,9.798386929743375939e-02,0.000000000000000000e+00,0.000000000000000000e+00,0.000000000000000000e+00,0.000000000000000000e+00,0.000000000000000000e+00,0.000000000000000000e+00,0.000000000000000000e+00,0.000000000000000000e+00,0.000000000000000000e+00,0.000000000000000000e+00,0.000000000000000000e+00
1.465666189622237634e-03,0.000000000000000000e+00,0.000000000000000000e+00,0.000000000000000000e+00,1.941130808040376584e-04,4.315270014360808593e-02,6.104907708928832694e-02,0.000000000000000000e+00,0.000000000000000000e+00,0.000000000000000000e+00,1.457694820053844487e-01,0.000000000000000000e+00,0.000000000000000000e+00,0.000000000000000000e+00,0.000000000000000000e+00,0.000000000000000000e+00,0.000000000000000000e+00,0.000000000000000000e+00,0.000000000000000000e+00,0.000000000000000000e+00,0.000000000000000000e+00,0.000000000000000000e+00,0.000000000000000000e+00,0.000000000000000000e+00,0.000000000000000000e+00,0.000000000000000000e+00,0.000000000000000000e+00,0.000000000000000000e+00,0.000000000000000000e+00,0.000000000000000000e+00
0.000000000000000000e+00,2.056468592598753309e-01,2.469438109722466024e-01,2.743517969732758854e-02,8.574647049553291503e-03,0.000000000000000000e+00,0.000000000000000000e+00,1.787993675901925761e-01,0.000000000000000000e+00,3.357599141157679252e-05,0.000000000000000000e+00,1.437683400789062892e-03,7.469507095552339881e-02,0.000000000000000000e+00,0.000000000000000000e+00,0.000000000000000000e+00,0.000000000000000000e+00,2.236844453195367122e-01,7.099247375811251412e-03,0.000000000000000000e+00,0.000000000000000000e+00,0.000000000000000000e+00,0.000000000000000000e+00,0.000000000000000000e+00,0.000000000000000000e+00,0.000000000000000000e+00,0.000000000000000000e+00,0.000000000000000000e+00,0.000000000000000000e+00,0.000000000000000000e+00
3.572808149360279933e-02,0.000000000000000000e+00,0.000000000000000000e+00,1.007712177023156047e-01,1.747641858955042982e-02,0.000000000000000000e+00,6.965678586673122730e-02,0.000000000000000000e+00,3.414382483266897861e-02,0.000000000000000000e+00,3.986812898715376419e-02,0.000000000000000000e+00,1.734328863207465835e-02,1.610668294164788739e-01,0.000000000000000000e+00,1.165564964830925580e-02,1.033441018878395318e-01,1.496896785127658364e-03,0.000000000000000000e+00,0.000000000000000000e+00,0.000000000000000000e+00,0.000000000000000000e+00,0.000000000000000000e+00,0.000000000000000000e+00,0.000000000000000000e+00,0.000000000000000000e+00,0.000000000000000000e+00,0.000000000000000000e+00,0.000000000000000000e+00,0.000000000000000000e+00
0.000000000000000000e+00,1.480809344872653123e-02,0.000000000000000000e+00,0.000000000000000000e+00,6.491605169401656666e-04,0.000000000000000000e+00,0.000000000000000000e+00,0.000000000000000000e+00,1.076797761476180337e-01,2.668284050743779251e-02,0.000000000000000000e+00,2.490905678237166354e-01,0.000000000000000000e+00,0.000000000000000000e+00,5.871559470062903685e-03,1.062795283128336980e-02,1.388629529749389226e-02,0.000000000000000000e+00,0.000000000000000000e+00,0.000000000000000000e+00,0.000000000000000000e+00,0.000000000000000000e+00,0.000000000000000000e+00,0.000000000000000000e+00,0.000000000000000000e+00,0.000000000000000000e+00,0.000000000000000000e+00,0.000000000000000000e+00,0.000000000000000000e+00,0.000000000000000000e+00
8.445210736031702470e-02,0.000000000000000000e+00,3.141189366757839163e-02,2.019641302181140758e-03,1.927611726586403451e-01,0.000000000000000000e+00,7.002112669247788921e-04,1.332922553690918475e-03,0.000000000000000000e+00,6.832750580184235312e-02,8.565756566281990808e-03,4.559730058672125524e-02,0.000000000000000000e+00,3.633525928179107221e-03,1.421921661892059929e-01,5.523634190080716280e-03,0.000000000000000000e+00,0.000000000000000000e+00,1.691217989989012710e-02,0.000000000000000000e+00,0.000000000000000000e+00,0.000000000000000000e+00,0.000000000000000000e+00,0.000000000000000000e+00,0.000000000000000000e+00,0.000000000000000000e+00,0.000000000000000000e+00,0.000000000000000000e+00,0.000000000000000000e+00,0.000000000000000000e+00
0.000000000000000000e+00,0.000000000000000000e+00,0.000000000000000000e+00,0.000000000000000000e+00,0.000000000000000000e+00,3.019222126687691188e-01,0.000000000000000000e+00,0.000000000000000000e+00,0.000000000000000000e+00,0.000000000000000000e+00,1.280545424653945462e-02,1.723555995039669354e-04,0.000000000000000000e+00,2.833469599365729882e-02,0.000000000000000000e+00,3.412246168537308531e-04,8.155732697706525322e-04,0.000000000000000000e+00,0.000000000000000000e+00,0.000000000000000000e+00,0.000000000000000000e+00,0.000000000000000000e+00,0.000000000000000000e+00,0.000000000000000000e+00,0.000000000000000000e+00,0.000000000000000000e+00,0.000000000000000000e+00,0.000000000000000000e+00,0.000000000000000000e+00,0.000000000000000000e+00
5.459313764495031529e-02,0.000000000000000000e+00,0.000000000000000000e+00,3.942970950683462317e-02,0.000000000000000000e+00,2.132540059956186673e-02,7.106836981796628427e-02,0.000000000000000000e+00,1.577879697471165910e-01,0.000000000000000000e+00,0.000000000000000000e+00,7.501904231137016855e-03,0.000000000000000000e+00,6.409575072791793247e-03,0.000000000000000000e+00,0.000000000000000000e+00,1.066393780330763402e-02,0.000000000000000000e+00,0.000000000000000000e+00,0.000000000000000000e+00,0.000000000000000000e+00,0.000000000000000000e+00,0.000000000000000000e+00,0.000000000000000000e+00,0.000000000000000000e+00,0.000000000000000000e+00,0.000000000000000000e+00,0.000000000000000000e+00,0.000000000000000000e+00,0.000000000000000000e+00
0.000000000000000000e+00,2.052007095688592186e-01,1.413972375839676332e-01,2.726559308214573235e-02,1.140299270834837630e-03,0.000000000000000000e+00,0.000000000000000000e+00,1.669825900780416705e-01,0.000000000000000000e+00,0.000000000000000000e+00,0.000000000000000000e+00,0.000000000000000000e+00,8.006088053577223307e-02,0.000000000000000000e+00,0.000000000000000000e+00,0.000000000000000000e+00,0.000000000000000000e+00,2.218747306632072314e-01,1.561572635823290072e-03,0.000000000000000000e+00,0.000000000000000000e+00,0.000000000000000000e+00,0.000000000000000000e+00,0.000000000000000000e+00,0.000000000000000000e+00,0.000000000000000000e+00,0.000000000000000000e+00,0.000000000000000000e+00,0.000000000000000000e+00,0.000000000000000000e+00
1.799484691797927386e-03,0.000000000000000000e+00,0.000000000000000000e+00,0.000000000000000000e+00,0.000000000000000000e+00,8.172400757674604110e-02,4.158416929169751058e-02,0.000000000000000000e+00,0.000000000000000000e+00,0.000000000000000000e+00,0.000000000000000000e+00,4.270458135681982556e-03,0.000000000000000000e+00,0.000000000000000000e+00,6.995922510390559365e-04,7.200074384535467371e-04,2.893077846829255565e-03,0.000000000000000000e+00,0.000000000000000000e+00,0.000000000000000000e+00,0.000000000000000000e+00,0.000000000000000000e+00,0.000000000000000000e+00,0.000000000000000000e+00,0.000000000000000000e+00,0.000000000000000000e+00,0.000000000000000000e+00,0.000000000000000000e+00,0.000000000000000000e+00,0.000000000000000000e+00
6.620103997181228661e-02,0.000000000000000000e+00,7.286189745476015327e-03,6.147742496621078773e-03,0.000000000000000000e+00,4.212210487785418567e-02,6.388078628403415227e-02,0.000000000000000000e+00,0.000000000000000000e+00,0.000000000000000000e+00,0.000000000000000000e+00,6.746850939167718837e-03,6.181848527864654969e-04,0.000000000000000000e+00,0.000000000000000000e+00,1.473560471815326669e-03,0.000000000000000000e+00,5.868183670170414729e-03,2.440820545438708751e-03,0.000000000000000000e+00,0.000000000000000000e+00,0.000000000000000000e+00,0.000000000000000000e+00,0.000000000000000000e+00,0.000000000000000000e+00,0.000000000000000000e+00,0.000000000000000000e+00,0.000000000000000000e+00,0.000000000000000000e+00,0.000000000000000000e+00
2.766074485386152155e-03,0.000000000000000000e+00,0.000000000000000000e+00,0.000000000000000000e+00,0.000000000000000000e+00,4.208817969400325751e-03,6.133055916355747289e-02,0.000000000000000000e+00,0.000000000000000000e+00,0.000000000000000000e+00,1.171660463801274116e-01,0.000000000000000000e+00,0.000000000000000000e+00,0.000000000000000000e+00,2.836303964115549419e-04,0.000000000000000000e+00,0.000000000000000000e+00,0.000000000000000000e+00,0.000000000000000000e+00,0.000000000000000000e+00,0.000000000000000000e+00,0.000000000000000000e+00,0.000000000000000000e+00,0.000000000000000000e+00,0.000000000000000000e+00,0.000000000000000000e+00,0.000000000000000000e+00,0.000000000000000000e+00,0.000000000000000000e+00,0.000000000000000000e+00
5.089471651535529446e-03,0.000000000000000000e+00,0.000000000000000000e+00,0.000000000000000000e+00,0.000000000000000000e+00,7.124100604404627612e-02,4.733858564115078944e-03,1.354791604129218865e-04,0.000000000000000000e+00,0.000000000000000000e+00,6.655853312356886653e-02,0.000000000000000000e+00,0.000000000000000000e+00,0.000000000000000000e+00,0.000000000000000000e+00,0.000000000000000000e+00,3.566190984924205026e-03,0.000000000000000000e+00,0.000000000000000000e+00,0.000000000000000000e+00,0.000000000000000000e+00,0.000000000000000000e+00,0.000000000000000000e+00,0.000000000000000000e+00,0.000000000000000000e+00,0.000000000000000000e+00,0.000000000000000000e+00,0.000000000000000000e+00,0.000000000000000000e+00,0.000000000000000000e+00
0.000000000000000000e+00,5.944217680295939971e-02,1.749544663810377555e-03,2.369497131539264646e-03,0.000000000000000000e+00,1.287701356212608318e-02,7.049298076635712382e-03,0.000000000000000000e+00,0.000000000000000000e+00,3.656731759747557792e-02,2.299897005882377762e-05,2.638548352836810884e-01,2.177292102694021805e-02,0.000000000000000000e+00,0.000000000000000000e+00,0.000000000000000000e+00,0.000000000000000000e+00,0.000000000000000000e+00,0.000000000000000000e+00,0.000000000000000000e+00,0.000000000000000000e+00,0.000000000000000000e+00,0.000000000000000000e+00,0.000000000000000000e+00,0.000000000000000000e+00,0.000000000000000000e+00,0.000000000000000000e+00,0.000000000000000000e+00,0.000000000000000000e+00,0.000000000000000000e+00
4.197011396629800328e-02,0.000000000000000000e+00,0.000000000000000000e+00,2.417405738149338082e-02,0.000000000000000000e+00,1.864417499208352591e-02,5.187446543448927250e-02,0.000000000000000000e+00,1.572488030885546284e-01,0.000000000000000000e+00,0.000000000000000000e+00,4.853234408610345753e-03,0.000000000000000000e+00,1.061157965657875436e-02,0.000000000000000000e+00,0.000000000000000000e+00,1.235939512854574394e-02,0.000000000000000000e+00,0.000000000000000000e+00,0.000000000000000000e+00,0.000000000000000000e+00,0.000000000000000000e+00,0.000000000000000000e+00,0.000000000000000000e+00,0.000000000000000000e+00,0.000000000000000000e+00,0.000000000000000000e+00,0.000000000000000000e+00,0.000000000000000000e+00,0.000000000000000000e+00
5.021401121810119706e-04,2.536460437736413193e-02,0.000000000000000000e+00,4.054641315931821824e-03,0.000000000000000000e+00,2.024900146491817859e-03,1.163547939634581967e-02,0.000000000000000000e+00,0.000000000000000000e+00,6.115589301758738057e-03,9.596883738232070806e-04,1.791993812027127264e-01,0.000000000000000000e+00,0.000000000000000000e+00,0.000000000000000000e+00,0.000000000000000000e+00,0.000000000000000000e+00,0.000000000000000000e+00,1.462607963520322872e-03,0.000000000000000000e+00,0.000000000000000000e+00,0.000000000000000000e+00,0.000000000000000000e+00,0.000000000000000000e+00,0.000000000000000000e+00,0.000000000000000000e+00,0.000000000000000000e+00,0.000000000000000000e+00,0.000000000000000000e+00,0.000000000000000000e+00
2.288652896415247981e-02,0.000000000000000000e+00,2.972879421662285790e-02,8.199891173747055756e-03,1.060344224152646037e-01,1.668505968397082304e-02,2.784572807790721381e-03,0.000000000000000000e+00,6.451820788293716365e-03,0.000000000000000000e+00,0.000000000000000000e+00,2.204679219306827226e-02,0.000000000000000000e+00,0.000000000000000000e+00,8.589807906833089868e-02,0.000000000000000000e+00,2.382193436836875381e-04,0.000000000000000000e+00,3.664104544791637469e-02,0.000000000000000000e+00,0.000000000000000000e+00,0.000000000000000000e+00,0.000000000000000000e+00,0.000000000000000000e+00,0.000000000000000000e+00,0.000000000000000000e+00,0.000000000000000000e+00,0.000000000000000000e+00,0.000000000000000000e+00,0.000000000000000000e+00
8.117724026565112730e-03,0.000000000000000000e+00,5.103295541083932747e-03,8.108383917727367274e-02,0.000000000000000000e+00,1.718645270697750915e-02,7.772423982365789068e-03,0.000000000000000000e+00,5.173314697163382964e-02,0.000000000000000000e+00,4.430801182846713648e-02,7.236509598223298770e-05,0.000000000000000000e+00,0.000000000000000000e+00,4.612569894757630358e-03,0.000000000000000000e+00,0.000000000000000000e+00,1.289244088676628520e-02,0.000000000000000000e+00,0.000000000000000000e+00,0.000000000000000000e+00,0.000000000000000000e+00,0.000000000000000000e+00,0.000000000000000000e+00,0.000000000000000000e+00,0.000000000000000000e+00,0.000000000000000000e+00,0.000000000000000000e+00,0.000000000000000000e+00,0.000000000000000000e+00
2.876484187581437261e-03,0.000000000000000000e+00,0.000000000000000000e+00,0.000000000000000000e+00,0.000000000000000000e+00,5.682399372465782045e-04,4.917566171201501191e-02,0.000000000000000000e+00,0.000000000000000000e+00,7.106757249850503139e-04,8.642933743424846549e-02,0.000000000000000000e+00,0.000000000000000000e+00,0.000000000000000000e+00,2.372856063887858122e-04,1.028389303001907631e-03,0.000000000000000000e+00,0.000000000000000000e+00,0.000000000000000000e+00,0.000000000000000000e+00,0.000000000000000000e+00,0.000000000000000000e+00,0.000000000000000000e+00,0.000000000000000000e+00,0.000000000000000000e+00,0.000000000000000000e+00,0.000000000000000000e+00,0.000000000000000000e+00,0.000000000000000000e+00,0.000000000000000000e+00
1.724000983231305456e-03,0.000000000000000000e+00,0.000000000000000000e+00,2.948474774091013485e-03,0.000000000000000000e+00,5.295232577381984648e-04,4.034770075732877458e-03,0.000000000000000000e+00,0.000000000000000000e+00,0.000000000000000000e+00,3.314119544726753640e-03,1.491564689239716357e-01,0.000000000000000000e+00,0.000000000000000000e+00,0.000000000000000000e+00,0.000000000000000000e+00,0.000000000000000000e+00,0.000000000000000000e+00,2.718633806202570228e-03,0.000000000000000000e+00,0.000000000000000000e+00,0.000000000000000000e+00,0.000000000000000000e+00,0.000000000000000000e+00,0.000000000000000000e+00,0.000000000000000000e+00,0.000000000000000000e+00,0.000000000000000000e+00,0.000000000000000000e+00,0.000000000000000000e+00
1.260541374330707010e-01,0.000000000000000000e+00,0.000000000000000000e+00,0.000000000000000000e+00,1.485197176519990371e-02,6.692654859080908111e-03,0.000000000000000000e+00,5.105324672254763635e-03,0.000000000000000000e+00,4.265746269109133015e-02,8.150212400966896833e-04,2.793118506591042716e-02,6.330927542705553322e-03,0.000000000000000000e+00,1.670020114344372350e-02,0.000000000000000000e+00,0.000000000000000000e+00,1.519840641027683792e-02,3.608364117093648010e-04,0.000000000000000000e+00,0.000000000000000000e+00,0.000000000000000000e+00,0.000000000000000000e+00,0.000000000000000000e+00,0.000000000000000000e+00,0.000000000000000000e+00,0.000000000000000000e+00,0.000000000000000000e+00,0.000000000000000000e+00,0.000000000000000000e+00
3.337793446687958854e-02,6.890221808252943716e-04,0.000000000000000000e+00,0.000000000000000000e+00,8.468716854862895146e-03,2.383912332030951528e-03,7.687866347012470292e-02,0.000000000000000000e+00,0.000000000000000000e+00,0.000000000000000000e+00,2.421843559653987996e-02,0.000000000000000000e+00,0.000000000000000000e+00,6.454704301549944213e-03,0.000000000000000000e+00,0.000000000000000000e+00,7.037301102211727076e-03,0.000000000000000000e+00,0.000000000000000000e+00,0.000000000000000000e+00,0.000000000000000000e+00,0.000000000000000000e+00,0.000000000000000000e+00,0.000000000000000000e+00,0.000000000000000000e+00,0.000000000000000000e+00,0.000000000000000000e+00,0.000000000000000000e+00,0.000000000000000000e+00,0.000000000000000000e+00
1.353696362196694057e-02,0.000000000000000000e+00,2.579620139991542840e-02,5.268357482394670638e-03,9.155346215885627748e-02,1.338135570036796951e-02,1.446192818368527465e-03,0.000000000000000000e+00,8.043187049595583102e-03,0.000000000000000000e+00,0.000000000000000000e+00,1.721787875417663677e-02,0.000000000000000000e+00,0.000000000000000000e+00,7.307996848302160398e-02,0.000000000000000000e+00,1.010332612773605365e-03,0.000000000000000000e+00,3.296590596588269695e-02,0.000000000000000000e+00,0.000000000000000000e+00,0.000000000000000000e+00,0.000000000000000000e+00,0.000000000000000000e+00,0.000000000000000000e+00,0.000000000000000000e+00,0.000000000000000000e+00,0.000000000000000000e+00,0.000000000000000000e+00,0.000000000000000000e+00
7.992269629023175323e-03,1.792210112607113548e-03,1.681752485899961225e-03,0.000000000000000000e+00,0.000000000000000000e+00,3.505213369350881208e-02,3.857256138002713303e-02,0.000000000000000000e+00,3.414919371881784899e-04,0.000000000000000000e+00,0.000000000000000000e+00,3.396791364062364156e-03,1.016928981052531373e-03,0.000000000000000000e+00,0.000000000000000000e+00,1.583023578802888835e-04,0.000000000000000000e+00,3.968501099683172453e-03,0.000000000000000000e+00,0.000000000000000000e+00,0.000000000000000000e+00,0.000000000000000000e+00,0.000000000000000000e+00,0.000000000000000000e+00,0.000000000000000000e+00,0.000000000000000000e+00,0.000000000000000000e+00,0.000000000000000000e+00,0.000000000000000000e+00,0.000000000000000000e+00
0.000000000000000000e+00,0.000000000000000000e+00,0.000000000000000000e+00,0.000000000000000000e+00,0.000000000000000000e+00,1.985118197291065312e-01,0.000000000000000000e+00,0.000000000000000000e+00,0.000000000000000000e+00,0.000000000000000000e+00,1.571193676193662070e-03,0.000000000000000000e+00,0.000000000000000000e+00,1.895951483312970781e-02,0.000000000000000000e+00,0.000000000000000000e+00,0.000000000000000000e+00,0.000000000000000000e+00,0.000000000000000000e+00,0.000000000000000000e+00,0.000000000000000000e+00,0.000000000000000000e+00,0.000000000000000000e+00,0.000000000000000000e+00,0.000000000000000000e+00,0.000000000000000000e+00,0.000000000000000000e+00,0.000000000000000000e+00,0.000000000000000000e+00,0.000000000000000000e+00
1.931502144295171169e-03,0.000000000000000000e+00,0.000000000000000000e+00,0.000000000000000000e+00,0.000000000000000000e+00,4.384962341641091693e-02,3.684280415846244439e-03,0.000000000000000000e+00,0.000000000000000000e+00,0.000000000000000000e+00,4.370257669664088379e-02,0.000000000000000000e+00,0.000000000000000000e+00,0.000000000000000000e+00,0.000000000000000000e+00,0.000000000000000000e+00,0.000000000000000000e+00,0.000000000000000000e+00,0.000000000000000000e+00,0.000000000000000000e+00,0.000000000000000000e+00,0.000000000000000000e+00,0.000000000000000000e+00,0.000000000000000000e+00,0.000000000000000000e+00,0.000000000000000000e+00,0.000000000000000000e+00,0.000000000000000000e+00,0.000000000000000000e+00,0.000000000000000000e+00
7.038850425334138017e-02,2.531799438215015540e-04,1.052021851511726787e-03,0.000000000000000000e+00,1.489363412892050209e-02,3.451384786661705877e-03,0.000000000000000000e+00,4.615143107617411013e-03,0.000000000000000000e+00,8.770080834093335609e-03,0.000000000000000000e+00,3.396073892370121694e-02,5.414530282427440673e-03,0.000000000000000000e+00,1.672015093787459356e-02,0.000000000000000000e+00,0.000000000000000000e+00,1.177544774941956772e-02,8.422064206166265943e-02,0.000000000000000000e+00,0.000000000000000000e+00,0.000000000000000000e+00,0.000000000000000000e+00,0.000000000000000000e+00,0.000000000000000000e+00,0.000000000000000000e+00,0.000000000000000000e+00,0.000000000000000000e+00,0.000000000000000000e+00,0.000000000000000000e+00
7.965270885737245257e-04,0.000000000000000000e+00,0.000000000000000000e+00,6.439991689830623645e-02,0.000000000000000000e+00,1.489710560766621845e-02,3.223441832067916804e-03,0.000000000000000000e+00,4.398943445870539398e-02,0.000000000000000000e+00,3.847812777003106061e-02,2.173450202461403222e-04,0.000000000000000000e+00,0.000000000000000000e+00,4.496379854340000655e-03,0.000000000000000000e+00,0.000000000000000000e+00,1.742639355248488259e-02,0.000000000000000000e+00,0.000000000000000000e+00,0.000000000000000000e+00,0.000000000000000000e+00,0.000000000000000000e+00,0.000000000000000000e+00,0.000000000000000000e+00,0.000000000000000000e+00,0.000000000000000000e+00,0.000000000000000000e+00,0.000000000000000000e+00,0.000000000000000000e+00
0.000000000000000000e+00,0.000000000000000000e+00,2.392007888074445827e-03,0.000000000000000000e+00,0.000000000000000000e+00,0.000000000000000000e+00,0.000000000000000000e+00,0.000000000000000000e+00,4.273757222403800488e-02,0.000000000000000000e+00,6.971075426705088118e-02,0.000000000000000000e+00,0.000000000000000000e+00,0.000000000000000000e+00,0.000000000000000000e+00,0.000000000000000000e+00,1.823480289661481846e-01,0.000000000000000000e+00,3.184534407827027940e-03,0.000000000000000000e+00,0.000000000000000000e+00,0.000000000000000000e+00,0.000000000000000000e+00,0.000000000000000000e+00,0.000000000000000000e+00,0.000000000000000000e+00,0.000000000000000000e+00,0.000000000000000000e+00,0.000000000000000000e+00,0.000000000000000000e+00
0.000000000000000000e+00,3.263834345721611241e-03,0.000000000000000000e+00,0.000000000000000000e+00,1.345245066519663163e-03,0.000000000000000000e+00,0.000000000000000000e+00,0.000000000000000000e+00,1.102122772208488782e-01,3.916012441658461851e-02,0.000000000000000000e+00,9.086358962774072900e-02,1.163283034043948415e-03,0.000000000000000000e+00,1.533917130500874956e-03,1.109101533916558198e-02,1.702804835766126568e-02,0.000000000000000000e+00,0.000000000000000000e+00,0.000000000000000000e+00,0.000000000000000000e+00,0.000000000000000000e+00,0.000000000000000000e+00,0.000000000000000000e+00,0.000000000000000000e+00,0.000000000000000000e+00,0.000000000000000000e+00,0.000000000000000000e+00,0.000000000000000000e+00,0.000000000000000000e+00
0.000000000000000000e+00,0.000000000000000000e+00,0.000000000000000000e+00,0.000000000000000000e+00,0.000000000000000000e+00,5.294557669627716900e-02,1.067482535463499561e-02,0.000000000000000000e+00,0.000000000000000000e+00,3.779456790252418781e-04,0.000000000000000000e+00,0.000000000000000000e+00,2.180237381086291175e-04,1.345015888890423801e-04,0.000000000000000000e+00,2.628823267965825061e-03,0.000000000000000000e+00,0.000000000000000000e+00,0.000000000000000000e+00,0.000000000000000000e+00,0.000000000000000000e+00,0.000000000000000000e+00,0.000000000000000000e+00,0.000000000000000000e+00,0.000000000000000000e+00,0.000000000000000000e+00,0.000000000000000000e+00,0.000000000000000000e+00,0.000000000000000000e+00,0.000000000000000000e+00
0.000000000000000000e+00,4.476337662399939091e-03,5.745663809366608615e-02,0.000000000000000000e+00,0.000000000000000000e+00,0.000000000000000000e+00,0.000000000000000000e+00,0.000000000000000000e+00,2.728904057939480696e-02,0.000000000000000000e+00,1.616407850487246514e-02,0.000000000000000000e+00,0.000000000000000000e+00,0.000000000000000000e+00,0.000000000000000000e+00,0.000000000000000000e+00,2.350586207659112192e-01,0.000000000000000000e+00,0.000000000000000000e+00,0.000000000000000000e+00,0.000000000000000000e+00,0.000000000000000000e+00,0.000000000000000000e+00,0.000000000000000000e+00,0.000000000000000000e+00,0.000000000000000000e+00,0.000000000000000000e+00,0.000000000000000000e+00,0.000000000000000000e+00,0.000000000000000000e+00
0.000000000000000000e+00,0.000000000000000000e+00,0.000000000000000000e+00,1.440496576000489803e-02,0.000000000000000000e+00,2.389629789843327259e-02,3.789219614168899686e-02,0.000000000000000000e+00,5.110980906202667803e-03,3.827010592027068719e-05,0.000000000000000000e+00,7.141508760516215512e-03,8.985701237474919738e-04,0.000000000000000000e+00,6.011788727382202978e-04,2.802375744759346169e-04,0.000000000000000000e+00,2.470641936506796140e-03,0.000000000000000000e+00,0.000000000000000000e+00,0.000000000000000000e+00,0.000000000000000000e+00,0.000000000000000000e+00,0.000000000000000000e+00,0.000000000000000000e+00,0.000000000000000000e+00,0.000000000000000000e+00,0.000000000000000000e+00,0.000000000000000000e+00,0.000000000000000000e+00
5.385339245769820565e-02,0.000000000000000000e+00,0.000000000000000000e+00,1.508829413104795583e-02,0.000000000000000000e+00,0.000000000000000000e+00,2.157827374674347112e-02,0.000000000000000000e+00,1.436278426093995086e-01,0.000000000000000000e+00,2.118821923331991059e-04,0.000000000000000000e+00,0.000000000000000000e+00,1.747231512875975848e-02,0.000000000000000000e+00,0.000000000000000000e+00,2.642925258279016018e-02,0.000000000000000000e+00,0.000000000000000000e+00,0.000000000000000000e+00,0.000000000000000000e+00,0.000000000000000000e+00,0.000000000000000000e+00,0.000000000000000000e+00,0.000000000000000000e+00,0.000000000000000000e+00,0.000000000000000000e+00,0.000000000000000000e+00,0.000000000000000000e+00,0.000000000000000000e+00
1.325188498627030871e-02,0.000000000000000000e+00,6.242671502078347978e-02,2.092295149210334285e-03,1.506459635159280649e-02,1.053291906379429880e-03,1.023868730946204866e-03,1.052610996595795476e-02,0.000000000000000000e+00,4.834779904495402347e-02,2.903700144031855831e-03,9.149179247343769070e-03,7.889225744005164478e-03,0.000000000000000000e+00,0.000000000000000000e+00,0.000000000000000000e+00,1.040309481672332991e-03,6.004640167262360537e-03,1.366501218625286798e-02,0.000000000000000000e+00,0.000000000000000000e+00,0.000000000000000000e+00,0.000000000000000000e+00,0.000000000000000000e+00,0.000000000000000000e+00,0.000000000000000000e+00,0.000000000000000000e+00,0.000000000000000000e+00,0.000000000000000000e+00,0.000000000000000000e+00
3.204331438694746348e-02,0.000000000000000000e+00,3.468391185914103912e-04,4.004911445892381933e-03,3.943762714563919108e-02,1.010166858111940938e-03,1.630561117988976391e-02,1.486956508690260616e-02,3.178148430105628194e-03,4.941285804242887686e-02,0.000000000000000000e+00,1.441857525189533390e-02,0.000000000000000000e+00,0.000000000000000000e+00,3.067814104528314781e-02,1.183939018556947123e-02,0.000000000000000000e+00,6.287529116495671434e-04,0.000000000000000000e+00,0.000000000000000000e+00,0.000000000000000000e+00,0.000000000000000000e+00,0.000000000000000000e+00,0.000000000000000000e+00,0.000000000000000000e+00,0.000000000000000000e+00,0.000000000000000000e+00,0.000000000000000000e+00,0.000000000000000000e+00,0.000000000000000000e+00
4.444941895370495624e-03,0.000000000000000000e+00,1.279698896560709231e-01,1.288405715078159985e-02,0.000000000000000000e+00,1.667895603325113361e-03,6.960453170498553770e-03,0.000000000000000000e+00,1.159933065284636891e-04,0.000000000000000000e+00,1.398293623345975203e-03,2.261291332845351450e-03,0.000000000000000000e+00,0.000000000000000000e+00,0.000000000000000000e+00,0.000000000000000000e+00,1.598213161450754913e-02,0.000000000000000000e+00,6.954618254736549647e-03,0.000000000000000000e+00,0.000000000000000000e+00,0.000000000000000000e+00,0.000000000000000000e+00,0.000000000000000000e+00,0.000000000000000000e+00,0.000000000000000000e+00,0.000000000000000000e+00,0.000000000000000000e+00,0.000000000000000000e+00,0.000000000000000000e+00
5.233224638962912824e-03,3.460456883371985145e-03,0.000000000000000000e+00,3.256408787892667474e-03,0.000000000000000000e+00,0.000000000000000000e+00,0.000000000000000000e+00,0.000000000000000000e+00,0.000000000000000000e+00,0.000000000000000000e+00,7.418113894469261296e-03,8.650819176216308082e-02,0.000000000000000000e+00,0.000000000000000000e+00,0.000000000000000000e+00,0.000000000000000000e+00,0.000000000000000000e+00,0.000000000000000000e+00,2.641864050049624445e-03,0.000000000000000000e+00,0.000000000000000000e+00,0.000000000000000000e+00,0.000000000000000000e+00,0.000000000000000000e+00,0.000000000000000000e+00,0.000000000000000000e+00,0.000000000000000000e+00,0.000000000000000000e+00,0.000000000000000000e+00,0.000000000000000000e+00
0.000000000000000000e+00,0.000000000000000000e+00,0.000000000000000000e+00,0.000000000000000000e+00,0.000000000000000000e+00,4.559417188968310081e-02,0.000000000000000000e+00,0.000000000000000000e+00,0.000000000000000000e+00,0.000000000000000000e+00,1.165258488569305764e-02,0.000000000000000000e+00,0.000000000000000000e+00,0.000000000000000000e+00,0.000000000000000000e+00,0.000000000000000000e+00,9.223940912597813208e-03,0.000000000000000000e+00,0.000000000000000000e+00,0.000000000000000000e+00,0.000000000000000000e+00,0.000000000000000000e+00,0.000000000000000000e+00,0.000000000000000000e+00,0.000000000000000000e+00,0.000000000000000000e+00,0.000000000000000000e+00,0.000000000000000000e+00,0.000000000000000000e+00,0.000000000000000000e+00
2.313983978360005869e-02,2.632296511601438845e-03,2.918062490757706955e-03,1.569469292692133797e-02,0.000000000000000000e+00,5.922361989725457090e-03,4.428573326692562644e-03,0.000000000000000000e+00,5.563286305911525030e-03,1.129509419238258067e-02,5.597019707749333267e-04,5.547295767186845132e-03,8.998627960229822016e-04,0.000000000000000000e+00,0.000000000000000000e+00,0.000000000000000000e+00,0.000000000000000000e+00,0.000000000000000000e+00,6.861553724952951239e-02,0.000000000000000000e+00,0.000000000000000000e+00,0.000000000000000000e+00,0.000000000000000000e+00,0.000000000000000000e+00,0.000000000000000000e+00,0.000000000000000000e+00,0.000000000000000000e+00,0.000000000000000000e+00,0.000000000000000000e+00,0.000000000000000000e+00
0.000000000000000000e+00,0.000000000000000000e+00,2.435230382358094525e-02,3.502521780586300692e-06,1.181076956344288692e-01,0.000000000000000000e+00,0.000000000000000000e+00,0.000000000000000000e+00,3.128223434568290495e-03,0.000000000000000000e+00,0.000000000000000000e+00,1.058195520251021919e-02,0.000000000000000000e+00,0.000000000000000000e+00,8.350042411734075187e-02,2.496261763441898185e-04,2.459921139699592502e-03,0.000000000000000000e+00,2.227021061937555640e-02,0.000000000000000000e+00,0.000000000000000000e+00,0.000000000000000000e+00,0.000000000000000000e+00,0.000000000000000000e+00,0.000000000000000000e+00,0.000000000000000000e+00,0.000000000000000000e+00,0.000000000000000000e+00,0.000000000000000000e+00,0.000000000000000000e+00
8.573492147561706175e-03,0.000000000000000000e+00,0.000000000000000000e+00,0.000000000000000000e+00,0.000000000000000000e+00,1.742686894986831755e-02,4.074539307089937966e-03,7.267982698705210748e-05,0.000000000000000000e+00,0.000000000000000000e+00,5.110385358036785564e-02,0.000000000000000000e+00,0.000000000000000000e+00,0.000000000000000000e+00,0.000000000000000000e+00,0.000000000000000000e+00,7.017929025211573288e-04,0.000000000000000000e+00,0.000000000000000000e+00,0.000000000000000000e+00,0.000000000000000000e+00,0.000000000000000000e+00,0.000000000000000000e+00,0.000000000000000000e+00,0.000000000000000000e+00,0.000000000000000000e+00,0.000000000000000000e+00,0.000000000000000000e+00,0.000000000000000000e+00,0.000000000000000000e+00
4.864585762717540257e-02,0.000000000000000000e+00,0.000000000000000000e+00,4.724147322876220273e-03,1.916410943595493797e-04,0.000000000000000000e+00,1.288116436509636510e-02,0.000000000000000000e+00,1.403180833955549600e-01,0.000000000000000000e+00,0.000000000000000000e+00,0.000000000000000000e+00,0.000000000000000000e+00,1.835078673936741539e-02,0.000000000000000000e+00,0.000000000000000000e+00,2.823582562142971583e-02,0.000000000000000000e+00,0.000000000000000000e+00,0.000000000000000000e+00,0.000000000000000000e+00,0.000000000000000000e+00,0.000000000000000000e+00,0.000000000000000000e+00,0.000000000000000000e+00,0.000000000000000000e+00,0.000000000000000000e+00,0.000000000000000000e+00,0.000000000000000000e+00,0.000000000000000000e+00
0.000000000000000000e+00,0.000000000000000000e+00,0.000000000000000000e+00,1.589030264820275734e-02,0.000000000000000000e+00,2.151375447190355741e-02,2.659607226847033115e-02,0.000000000000000000e+00,5.945562617230363764e-03,0.000000000000000000e+00,0.000000000000000000e+00,5.919259060509244816e-03,3.488019672518438154e-04,0.000000000000000000e+00,0.000000000000000000e+00,0.000000000000000000e+00,0.000000000000000000e+00,2.781742683484788540e-03,0.000000000000000000e+00,0.000000000000000000e+00,0.000000000000000000e+00,0.000000000000000000e+00,0.000000000000000000e+00,0.000000000000000000e+00,0.000000000000000000e+00,0.000000000000000000e+00,0.000000000000000000e+00,0.000000000000000000e+00,0.000000000000000000e+00,0.000000000000000000e+00
5.020424264875266579e-02,0.000000000000000000e+00,0.000000000000000000e+00,0.000000000000000000e+00,2.387071252690336695e-02,2.026498063675063761e-03,0.000000000000000000e+00,2.769148106384490982e-03,0.000000000000000000e+00,1.287546618179501818e-03,0.000000000000000000e+00,1.900804222745676106e-02,1.606349789232606106e-03,0.000000000000000000e+00,3.136303623645850247e-02,7.585653260932812177e-03,0.000000000000000000e+00,1.471812684779740497e-02,2.445463132312333809e-02,0.000000000000000000e+00,0.000000000000000000e+00,0.000000000000000000e+00,0.000000000000000000e+00,0.000000000000000000e+00,0.000000000000000000e+00,0.000000000000000000e+00,0.000000000000000000e+00,0.000000000000000000e+00,0.000000000000000000e+00,0.000000000000000000e+00
8.080774782587797286e-03,0.000000000000000000e+00,5.799692722591624772e-02,2.631299209948819752e-03,1.701653246281904786e-02,7.661674214045028708e-04,1.850822093426963662e-03,5.529322828185500791e-03,0.000000000000000000e+00,3.877981114187967898e-02,3.391983659371040514e-04,7.503142241626009970e-03,1.063017774787681884e-02,0.000000000000000000e+00,0.000000000000000000e+00,0.000000000000000000e+00,1.767064379981961959e-03,1.006941294865573364e-02,9.793918760088837772e-03,0.000000000000000000e+00,0.000000000000000000e+00,0.000000000000000000e+00,0.000000000000000000e+00,0.000000000000000000e+00,0.000000000000000000e+00,0.000000000000000000e+00,0.000000000000000000e+00,0.000000000000000000e+00,0.000000000000000000e+00,0.000000000000000000e+00
2.376450795103451571e-02,4.273052218024299409e-04,4.580524160612477625e-04,7.137171793405962987e-04,8.056200363965641820e-03,0.000000000000000000e+00,4.794902680548400464e-02,0.000000000000000000e+00,0.000000000000000000e+00,0.000000000000000000e+00,1.890010923214550595e-02,0.000000000000000000e+00,0.000000000000000000e+00,9.267316666527957228e-03,0.000000000000000000e+00,0.000000000000000000e+00,9.608663975486110218e-03,0.000000000000000000e+00,0.000000000000000000e+00,0.000000000000000000e+00,0.000000000000000000e+00,0.000000000000000000e+00,0.000000000000000000e+00,0.000000000000000000e+00,0.000000000000000000e+00,0.000000000000000000e+00,0.000000000000000000e+00,0.000000000000000000e+00,0.000000000000000000e+00,0.000000000000000000e+00
4.427602023051629976e-02,0.000000000000000000e+00,4.110161122947101481e-03,6.645915672758819425e-04,0.000000000000000000e+00,1.555461537014369601e-02,1.319001843948551349e-02,5.336261696934282983e-03,2.057470087976025815e-03,0.000000000000000000e+00,0.000000000000000000e+00,1.099374606033167194e-03,0.000000000000000000e+00,0.000000000000000000e+00,0.000000000000000000e+00,0.000000000000000000e+00,0.000000000000000000e+00,0.000000000000000000e+00,0.000000000000000000e+00,0.000000000000000000e+00,0.000000000000000000e+00,0.000000000000000000e+00,0.000000000000000000e+00,0.000000000000000000e+00,0.000000000000000000e+00,0.000000000000000000e+00,0.000000000000000000e+00,0.000000000000000000e+00,0.000000000000000000e+00,0.000000000000000000e+00
1.248608316858147195e-02,0.000000000000000000e+00,0.000000000000000000e+00,1.864619514634796582e-02,0.000000000000000000e+00,1.838945958954092338e-02,1.025381267043199568e-02,0.000000000000000000e+00,7.157710849451177004e-04,0.000000000000000000e+00,8.578591809024420367e-03,0.000000000000000000e+00,0.000000000000000000e+00,1.150532590782327256e-03,0.000000000000000000e+00,0.000000000000000000e+00,1.002238290140653951e-02,0.000000000000000000e+00,2.481486924203130020e-03,0.000000000000000000e+00,0.000000000000000000e+00,0.000000000000000000e+00,0.000000000000000000e+00,0.000000000000000000e+00,0.000000000000000000e+00,0.000000000000000000e+00,0.000000000000000000e+00,0.000000000000000000e+00,0.000000000000000000e+00,0.000000000000000000e+00
2.606505095233686148e-02,4.918987522183728214e-04,1.941593543674249422e-03,1.455827328640224051e-02,0.000000000000000000e+00,2.130322646683719626e-03,3.609936955999616497e-03,3.564863745874421617e-04,2.181971344191304795e-03,0.000000000000000000e+00,2.830241108679518169e-02,1.284791119287942559e-03,0.000000000000000000e+00,0.000000000000000000e+00,6.050411398571825181e-03,4.201863271935074953e-04,0.000000000000000000e+00,0.000000000000000000e+00,1.058958023687905578e-02,0.000000000000000000e+00,0.000000000000000000e+00,0.000000000000000000e+00,0.000000000000000000e+00,0.000000000000000000e+00,0.000000000000000000e+00,0.000000000000000000e+00,0.000000000000000000e+00,0.000000000000000000e+00,0.000000000000000000e+00,0.000000000000000000e+00
0.000000000000000000e+00,1.159078114321464119e-02,0.000000000000000000e+00,0.000000000000000000e+00,2.094383686262041994e-03,0.000000000000000000e+00,0.000000000000000000e+00,1.950631324554408935e-03,1.311330278578001773e-02,0.000000000000000000e+00,0.000000000000000000e+00,0.000000000000000000e+00,0.000000000000000000e+00,3.283202286353391775e-03,2.329100096805844337e-03,6.447595909625820389e-03,0.000000000000000000e+00,2.621441460756748082e-02,1.606318741440791731e-01,0.000000000000000000e+00,0.000000000000000000e+00,0.000000000000000000e+00,0.000000000000000000e+00,0.000000000000000000e+00,0.000000000000000000e+00,0.000000000000000000e+00,0.000000000000000000e+00,0.000000000000000000e+00,0.000000000000000000e+00,0.000000000000000000e+00
4.345610148318734822e-02,0.000000000000000000e+00,5.193852169901190877e-03,9.019546516717278153e-03,0.000000000000000000e+00,1.545309787205274843e-03,2.284842652632344123e-02,0.000000000000000000e+00,0.000000000000000000e+00,1.036857656134208784e-03,0.000000000000000000e+00,2.456064295309993029e-04,5.153915950595736094e-05,0.000000000000000000e+00,0.000000000000000000e+00,1.498872226351797600e-03,0.000000000000000000e+00,1.719268939995595392e-03,1.894910571097322511e-03,0.000000000000000000e+00,0.000000000000000000e+00,0.000000000000000000e+00,0.000000000000000000e+00,0.000000000000000000e+00,0.000000000000000000e+00,0.000000000000000000e+00,0.000000000000000000e+00,0.000000000000000000e+00,0.000000000000000000e+00,0.000000000000000000e+00
2.055146767745852018e-03,4.945449349853382574e-04,0.000000000000000000e+00,0.000000000000000000e+00,0.000000000000000000e+00,2.514940944178626486e-02,1.228554627960679914e-02,0.000000000000000000e+00,8.600038721401615481e-04,0.000000000000000000e+00,0.000000000000000000e+00,1.497193156879529944e-03,0.000000000000000000e+00,0.000000000000000000e+00,0.000000000000000000e+00,0.000000000000000000e+00,0.000000000000000000e+00,0.000000000000000000e+00,5.686395826348182413e-05,0.000000000000000000e+00,0.000000000000000000e+00,0.000000000000000000e+00,0.000000000000000000e+00,0.000000000000000000e+00,0.000000000000000000e+00,0.000000000000000000e+00,0.000000000000000000e+00,0.000000000000000000e+00,0.000000000000000000e+00,0.000000000000000000e+00
0.000000000000000000e+00,1.723019690160292050e-02,0.000000000000000000e+00,7.443616423004504809e-03,0.000000000000000000e+00,5.976009059042840070e-03,2.711251511748026793e-03,0.000000000000000000e+00,2.364013418498638400e-03,0.000000000000000000e+00,0.000000000000000000e+00,0.000000000000000000e+00,0.000000000000000000e+00,1.617221131860785768e-02,0.000000000000000000e+00,0.000000000000000000e+00,0.000000000000000000e+00,0.000000000000000000e+00,1.197089337433033807e-01,0.000000000000000000e+00,0.000000000000000000e+00,0.000000000000000000e+00,0.000000000000000000e+00,0.000000000000000000e+00,0.000000000000000000e+00,0.000000000000000000e+00,0.000000000000000000e+00,0.000000000000000000e+00,0.000000000000000000e+00,0.000000000000000000e+00
1.227685624905329150e-03,0.000000000000000000e+00,0.000000000000000000e+00,7.019584922621500966e-02,9.800308539799147851e-04,1.124731392524576552e-03,0.000000000000000000e+00,0.000000000000000000e+00,4.502350689750839186e-02,0.000000000000000000e+00,1.489656028989789181e-02,0.000000000000000000e+00,0.000000000000000000e+00,0.000000000000000000e+00,0.000000000000000000e+00,0.000000000000000000e+00,0.000000000000000000e+00,1.618889041511961321e-02,0.000000000000000000e+00,0.000000000000000000e+00,0.000000000000000000e+00,0.000000000000000000e+00,0.000000000000000000e+00,0.000000000000000000e+00,0.000000000000000000e+00,0.000000000000000000e+00,0.000000000000000000e+00,0.000000000000000000e+00,0.000000000000000000e+00,0.000000000000000000e+00
0.000000000000000000e+00,0.000000000000000000e+00,2.279051396497653106e-02,4.092202809489464146e-04,1.014128132771486002e-01,0.000000000000000000e+00,0.000000000000000000e+00,0.000000000000000000e+00,2.754965896471376144e-03,0.000000000000000000e+00,0.000000000000000000e+00,7.147606169405824363e-03,0.000000000000000000e+00,0.000000000000000000e+00,6.772418708163545353e-02,0.000000000000000000e+00,6.615329713300025470e-03,0.000000000000000000e+00,2.255125886151217174e-02,0.000000000000000000e+00,0.000000000000000000e+00,0.000000000000000000e+00,0.000000000000000000e+00,0.000000000000000000e+00,0.000000000000000000e+00,0.000000000000000000e+00,0.000000000000000000e+00,0.000000000000000000e+00,0.000000000000000000e+00,0.000000000000000000e+00
1.757010417468735375e-01,0.000000000000000000e+00,4.655573458679138597e-03,0.000000000000000000e+00,2.302131394496040317e-02,7.160312597768672292e-04,0.000000000000000000e+00,3.731319388151722177e-02,0.000000000000000000e+00,6.321439198548088612e-02,0.000000000000000000e+00,9.587420931050288225e-03,0.000000000000000000e+00,0.000000000000000000e+00,2.404858526113353193e-04,0.000000000000000000e+00,0.000000000000000000e+00,0.000000000000000000e+00,0.000000000000000000e+00,0.000000000000000000e+00,0.000000000000000000e+00,0.000000000000000000e+00,0.000000000000000000e+00,0.000000000000000000e+00,0.000000000000000000e+00,0.000000000000000000e+00,0.000000000000000000e+00,0.000000000000000000e+00,0.000000000000000000e+00,0.000000000000000000e+00
1.519757835256749451e-03,8.516066042478601453e-03,9.718521341203037456e-02,1.643455194388500568e-03,0.000000000000000000e+00,0.000000000000000000e+00,6.243123526110379816e-03,4.315734498159832719e-03,0.000000000000000000e+00,0.000000000000000000e+00,0.000000000000000000e+00,4.742761327281476078e-03,0.000000000000000000e+00,2.360081716462325216e-03,0.000000000000000000e+00,0.000000000000000000e+00,1.484994314940680030e-02,9.165973988002147545e-04,0.000000000000000000e+00,0.000000000000000000e+00,0.000000000000000000e+00,0.000000000000000000e+00,0.000000000000000000e+00,0.000000000000000000e+00,0.000000000000000000e+00,0.000000000000000000e+00,0.000000000000000000e+00,0.000000000000000000e+00,0.000000000000000000e+00,0.000000000000000000e+00
0.000000000000000000e+00,1.359067658644216581e-01,0.000000000000000000e+00,2.477915888921603665e-02,0.000000000000000000e+00,0.000000000000000000e+00,0.000000000000000000e+00,0.000000000000000000e+00,0.000000000000000000e+00,0.000000000000000000e+00,0.000000000000000000e+00,0.000000000000000000e+00,1.919541892753767187e-01,8.953381948165875515e-02,0.000000000000000000e+00,0.000000000000000000e+00,0.000000000000000000e+00,0.000000000000000000e+00,0.000000000000000000e+00,0.000000000000000000e+00,0.000000000000000000e+00,0.000000000000000000e+00,0.000000000000000000e+00,0.000000000000000000e+00,0.000000000000000000e+00,0.000000000000000000e+00,0.000000000000000000e+00,0.000000000000000000e+00,0.000000000000000000e+00,0.000000000000000000e+00
1.919779113502653040e-02,0.000000000000000000e+00,0.000000000000000000e+00,3.742363543905735841e-03,0.000000000000000000e+00,5.815888682868573280e-03,3.165415311768414886e-04,0.000000000000000000e+00,1.443243354643337136e-03,5.826518001618041787e-03,0.000000000000000000e+00,4.419735319726374873e-03,0.000000000000000000e+00,0.000000000000000000e+00,0.000000000000000000e+00,0.000000000000000000e+00,0.000000000000000000e+00,0.000000000000000000e+00,6.173473290635526911e-02,0.000000000000000000e+00,0.000000000000000000e+00,0.000000000000000000e+00,0.000000000000000000e+00,0.000000000000000000e+00,0.000000000000000000e+00,0.000000000000000000e+00,0.000000000000000000e+00,0.000000000000000000e+00,0.000000000000000000e+00,0.000000000000000000e+00
5.369086318669319575e-03,0.000000000000000000e+00,0.000000000000000000e+00,2.061936652869199131e-03,4.268136774943533107e-02,0.000000000000000000e+00,4.237185828303636700e-03,1.119813761412878162e-03,1.382695703980095113e-03,4.135069232095164860e-02,0.000000000000000000e+00,6.917342569147958732e-03,0.000000000000000000e+00,3.958423538612497461e-03,3.823995066714599295e-02,1.058798131604644747e-02,0.000000000000000000e+00,0.000000000000000000e+00,0.000000000000000000e+00,0.000000000000000000e+00,0.000000000000000000e+00,0.000000000000000000e+00,0.000000000000000000e+00,0.000000000000000000e+00,0.000000000000000000e+00,0.000000000000000000e+00,0.000000000000000000e+00,0.000000000000000000e+00,0.000000000000000000e+00,0.000000000000000000e+00
4.947222366891205342e-02,0.000000000000000000e+00,0.000000000000000000e+00,0.000000000000000000e+00,2.791365494096952407e-02,0.000000000000000000e+00,0.000000000000000000e+00,1.065611124443769823e-04,0.000000000000000000e+00,3.556590240861962071e-02,1.765180664763035074e-03,1.929959638802588098e-02,8.295921188265440935e-03,0.000000000000000000e+00,1.310855455557266395e-02,0.000000000000000000e+00,0.000000000000000000e+00,1.633087229764158821e-02,6.124807877520503218e-04,0.000000000000000000e+00,0.000000000000000000e+00,0.000000000000000000e+00,0.000000000000000000e+00,0.000000000000000000e+00,0.000000000000000000e+00,0.000000000000000000e+00,0.000000000000000000e+00,0.000000000000000000e+00,0.000000000000000000e+00,0.000000000000000000e+00
1.817429091275038272e-03,0.000000000000000000e+00,3.896013693942955436e-03,5.512607748145980160e-03,0.000000000000000000e+00,1.323169455562167064e-02,1.334065581290038924e-02,0.000000000000000000e+00,1.982588925836697210e-03,0.000000000000000000e+00,2.003821606806197031e-02,3.858846500491198051e-04,0.000000000000000000e+00,4.655510316753076966e-04,4.921625143182488870e-04,0.000000000000000000e+00,0.000000000000000000e+00,0.000000000000000000e+00,1.385069791645361734e-03,0.000000000000000000e+00,0.000000000000000000e+00,0.000000000000000000e+00,0.000000000000000000e+00,0.000000000000000000e+00,0.000000000000000000e+00,0.000000000000000000e+00,0.000000000000000000e+00,0.000000000000000000e+00,0.000000000000000000e+00,0.000000000000000000e+00
6.501576392940985882e-02,0.000000000000000000e+00,0.000000000000000000e+00,0.000000000000000000e+00,9.608989982418332521e-03,3.228782873490293904e-03,6.735266639956993940e-08,3.392909823257130378e-03,0.000000000000000000e+00,2.782052014558748440e-02,0.000000000000000000e+00,8.368000576619698608e-03,0.000000000000000000e+00,0.000000000000000000e+00,5.552539547641957389e-03,0.000000000000000000e+00,0.000000000000000000e+00,0.000000000000000000e+00,0.000000000000000000e+00,0.000000000000000000e+00,0.000000000000000000e+00,0.000000000000000000e+00,0.000000000000000000e+00,0.000000000000000000e+00,0.000000000000000000e+00,0.000000000000000000e+00,0.000000000000000000e+00,0.000000000000000000e+00,0.000000000000000000e+00,0.000000000000000000e+00
0.000000000000000000e+00,3.236464685227601751e-02,6.434375662660181926e-03,0.000000000000000000e+00,0.000000000000000000e+00,8.752927597072976754e-03,0.000000000000000000e+00,0.000000000000000000e+00,0.000000000000000000e+00,2.689424025611801203e-02,0.000000000000000000e+00,7.894295582360950914e-02,2.391562865578786973e-02,0.000000000000000000e+00,0.000000000000000000e+00,0.000000000000000000e+00,0.000000000000000000e+00,0.000000000000000000e+00,0.000000000000000000e+00,0.000000000000000000e+00,0.000000000000000000e+00,0.000000000000000000e+00,0.000000000000000000e+00,0.000000000000000000e+00,0.000000000000000000e+00,0.000000000000000000e+00,0.000000000000000000e+00,0.000000000000000000e+00,0.000000000000000000e+00,0.000000000000000000e+00
