3.833839686367079835e-03,1.062145760090023663e-02,1.051755367344891709e-02,1.504551517171363699e-02,5.112845221759830527e-03,1.598351565965135243e-03,2.897787910684221369e-03,3.066223342663490330e-03,4.588370830493158220e-03,3.616441082512179134e-03,1.201491517595024844e-03,5.570157141001098877e-04,9.454102996012819782e-03,1.820059464950743444e-03,1.325577078937318493e-02,1.457190478881723039e-03,3.634638075917934197e-03,2.700495780951800429e-03,7.210159020881040659e-04,1.532877340493114804e-02,2.548645220517748583e-03,4.134036450046337657e-03,3.208901287782145451e-03,6.236087177793978725e-04,2.817073952876426868e-03,6.927482976792270764e-03,7.179861167735897276e-03,3.258229677690379147e-03,1.297596432447330195e-02,1.078448463805332935e-02,1.337524759134456342e-03,2.282295999263626862e-03,1.326496377195535148e-03,3.874341373656202663e-03,8.539568553962073247e-03
8.999549987977403798e-03,9.040543579024531290e-03,1.256509496567530769e-02,1.571053403978851098e-02,1.118327178174165909e-02,1.114414603777647440e-03,3.213344853363150899e-03,3.411912246691928621e-03,3.600197077331335205e-03,8.203517391690810442e-03,4.927345985008758228e-03,1.091873642880807765e-03,1.459857228297542671e-02,1.034298826066833155e-02,3.485905179666333106e-04,1.097606228071187906e-04,2.718638729501024476e-03,3.270814259408688467e-03,1.418118977297454231e-03,2.721597636841627255e-03,2.529877895481295273e-03,4.136544562964160343e-03,6.123127478144078928e-03,3.577924317953149608e-03,3.024309708438317756e-03,1.004456845002414146e-02,2.914958306685637435e-03,3.316421658574094516e-04,3.792624787376311368e-03,3.536086737936650071e-03,4.367676522918959026e-03,8.539050515470464342e-04,1.139577689996153220e-03,2.224909234675850542e-03,2.168787878208695147e-03
2.674933261673978491e-03,5.019678040384334405e-03,3.911690987211918769e-03,1.067931657083939084e-02,1.796255556830023137e-03,3.911260827404977602e-03,8.837004314654686721e-04,5.921782374072093180e-03,1.258961972132668916e-03,1.001061912660240749e-02,9.683268687687554555e-03,3.077390323541900896e-03,7.394572583870981375e-03,4.011284449733931029e-03,3.150310934086075765e-03,3.932905059068000919e-04,5.066166309684606503e-03,8.698446339846489794e-03,4.902605824344402619e-04,5.052613715398564243e-03,6.380631190804439412e-03,5.173341488027116686e-03,4.389686424510690771e-03,2.034908633070903194e-03,2.453386046231899494e-03,4.641819967020087423e-03,5.377089854134917135e-03,1.592517470821078196e-03,4.772394450191973225e-03,1.658862508312465567e-03,1.067617887170180940e-03,3.398581267069870904e-03,2.998186260966647070e-03,5.405822633498744145e-03,4.697840241894568614e-03
6.398706968066518105e-03,3.273496913036137886e-03,1.470376293373759635e-02,1.590938268435435760e-02,1.520862362991287631e-03,0.000000000000000000e+00,8.508479957173062380e-03,0.000000000000000000e+00,5.477784003579851124e-04,1.110042963815799019e-02,6.389322783292075529e-03,1.477927703099141815e-03,1.572295838985840466e-03,6.112897722220393681e-03,2.671161170723831274e-02,7.953955283550135161e-03,6.933527680873297072e-03,4.142474809384307996e-03,1.891732363556823671e-03,1.200099578942373513e-02,3.822525168597451332e-03,1.777351269623166552e-04,1.098886333273688121e-02,3.707973127602881211e-03,4.567685511124158770e-03,4.347855388440874380e-03,1.054591208278493966e-02,3.640664904789815172e-03,1.113953444259574432e-03,2.346773094968543361e-04,5.556461137090712432e-03,1.533762993776471850e-03,2.120434711932767113e-03,2.612393556600903904e-06,0.000000000000000000e+00
2.280517830837394677e-02,1.307247881949162062e-02,1.523328364707714211e-02,1.282708504274514966e-02,1.010537635481855573e-02,2.854039163528422629e-03,1.214981837626938344e-02,8.166910125902792847e-03,2.867391542913037827e-03,1.193086086682746023e-02,1.212597901715226079e-03,3.119343942528350622e-04,7.904599517549355803e-04,1.690378518299030797e-02,1.582818196190409130e-03,2.750412405070215560e-02,4.319643183884683268e-03,7.914396801797108499e-04,2.918446334798485697e-03,9.876687066343523003e-04,6.463841959405074167e-03,3.734995579522060183e-03,1.689808781186514239e-03,3.526618282625543221e-03,2.396898538516831993e-03,2.636386782030587100e-02,8.440519321787111340e-03,7.366382632338568104e-03,5.028693214384705179e-03,1.052972340239821669e-02,7.011310301463194450e-03,6.200560148096573992e-03,2.777259417303772071e-04,4.328012084343648390e-03,5.019477256352357364e-03
6.561338627910633971e-03,3.110541181012088652e-03,3.565453148646556547e-03,5.028557644395789672e-03,4.507176890589770224e-03,1.097595951594095010e-03,2.391018160754762329e-03,1.469384208637690425e-02,4.435741706532242423e-03,4.780681946074671895e-03,3.644091189044934564e-03,5.245122343869312864e-05,9.547881521992165887e-03,7.527459054209977019e-05,8.486853269031653657e-03,2.048066226330360826e-02,1.362978008637463941e-03,2.683698462919811845e-03,6.575606353889408562e-04,4.337370388758065784e-03,2.452141576386068778e-03,1.256515836794408481e-02,1.468271957166541932e-03,7.429531075838595455e-03,1.759009077281881378e-03,4.195958022304609181e-03,7.102145507585748418e-03,8.247939882005728141e-03,6.615942108105087038e-03,1.581239184064199554e-04,4.887059374444366160e-03,9.999784063405294313e-03,1.442965247519478918e-03,6.705170278703653786e-03,6.223867996237392175e-03
2.363730218478988458e-03,2.027451518303613563e-03,2.154869867210169355e-03,6.019892423996852163e-03,4.755670531075197743e-04,0.000000000000000000e+00,2.679961248244187161e-03,0.000000000000000000e+00,2.631453577138165995e-03,6.181191169136630859e-04,2.910616999837581636e-03,5.600942743042708338e-05,4.345895955269740707e-04,1.703650877742244468e-03,9.867469176472524334e-03,4.926309431340143534e-03,5.883255219456921814e-03,1.045270911861021640e-04,9.271860725114497784e-03,1.630364806005759823e-02,1.670830240034552015e-03,1.100808592733370573e-04,7.131333831746723695e-03,2.296545849012220433e-03,1.204409519684784824e-03,6.538203198757818607e-03,4.847880148233528474e-03,1.397721981871993639e-03,7.926596099024282860e-04,3.780722866377664304e-03,3.108961894556637462e-03,1.465370344347507667e-03,3.489858706685125544e-03,9.650377213887697089e-07,0.000000000000000000e+00
0.000000000000000000e+00,4.075212310120974839e-03,9.419524806794989135e-05,1.042061444886579341e-03,1.243195726773161681e-02,0.000000000000000000e+00,5.479150547861397214e-03,2.046480487503756266e-05,4.402558668834466969e-03,0.000000000000000000e+00,1.152477112153349383e-03,2.049345302673154061e-03,9.975435937560582500e-04,1.134278775581625334e-02,6.107289923881284856e-05,9.831849461638605958e-03,2.378463631798381772e-03,2.943808337841337820e-03,7.751402690402323103e-03,3.433999116003866314e-04,7.872924953879279278e-04,2.196976158456306839e-04,2.607441568109991614e-03,4.623772275514547760e-03,5.052856731256619160e-03,5.404965762939389039e-03,8.556984299192035848e-03,6.809204867305794582e-04,3.193344356107012671e-03,4.352591717896446555e-03,6.631168760366755455e-03,3.120252570226512284e-03,1.252835839027033327e-02,0.000000000000000000e+00,4.444590664138740963e-04
5.395948607302226106e-03,4.411163646094160007e-03,8.227292999797020112e-04,7.506649099663500330e-03,8.253339155285026318e-03,1.165111063780521761e-02,6.164572567165734623e-03,1.513025025464229123e-03,5.718450814084022338e-03,1.102270477132204912e-02,4.027532914194685565e-03,4.423616556558042714e-03,1.826688559087869326e-02,7.578537576232412254e-04,6.072682416206379510e-03,3.996261887863427828e-03,4.719364964131977577e-03,7.477913020954650436e-03,6.185823434117894426e-03,4.892869088232588981e-03,7.233372949077006286e-03,6.658301885560877383e-03,8.350852838371983569e-03,7.762497789413763671e-03,8.122383435767996721e-04,1.807692619414937724e-02,3.592810636740840710e-03,2.550309752223818560e-03,7.158913788499737113e-03,2.955446164292763883e-03,1.965257621681074443e-03,7.301290653817751886e-03,6.395914251143854784e-03,5.075672838473703485e-03,6.427046349335947817e-03
1.660428199994590237e-02,8.569066996097640318e-03,1.364521921495034928e-02,7.168850580267976946e-03,7.519428663711795469e-03,2.065339882121804832e-02,3.808220803432836067e-03,2.734014902906401617e-02,1.041046581463964116e-03,2.434102184038916539e-03,2.785867929948988506e-03,1.082481025687129228e-03,1.643086648924507037e-02,2.839014727476052435e-03,8.342602160642781373e-03,2.322028718567049552e-02,3.235932140015360808e-03,7.172005452743292903e-03,6.485637363535180951e-03,1.064924301227124226e-02,1.660020191563832404e-04,2.259879073656542031e-03,2.630458225170993411e-03,1.042588208159754733e-02,1.093570936188460394e-03,5.347396580036641034e-03,3.122019357844139920e-03,9.375485994903433318e-03,1.753258083047425867e-03,2.972639566514789083e-03,2.627669802187551640e-03,2.186767296515842313e-03,4.765131395292713200e-03,3.430285950617984723e-06,5.493842983236008753e-03
5.241490501164050922e-03,4.219339888801909577e-03,1.971775622127087957e-03,9.750162953629515350e-04,4.811874829489221073e-03,1.005760179976788321e-03,4.759426555830405226e-04,1.555488683524494653e-03,7.590084537585709001e-03,5.920643027563302074e-04,4.292611541198587677e-03,2.496436957572012449e-03,5.377898007925753683e-03,2.712546396591661128e-03,3.487806426780697133e-03,1.391521328949837238e-02,1.368879467866238736e-03,5.334346358866155768e-03,1.831428591642890458e-04,5.537788480194129337e-04,2.381734618668626680e-03,8.651793021467485412e-03,2.009457150444992051e-03,1.916088105134550190e-03,1.479068014457428359e-03,5.962799812652599257e-03,2.971017672010287103e-03,7.864295086584260908e-04,1.056098649352969071e-03,3.716327304258356529e-03,3.299853452731264965e-03,5.303795870978006768e-03,8.521142252674445165e-04,1.843441373577128783e-03,1.467434061939117129e-03
3.224790977644460127e-03,9.215860340873273382e-03,2.022577828267171224e-03,2.974065199851917696e-03,2.095250850364244188e-03,7.001424784734861309e-03,4.450065964888129041e-03,1.487794375505373592e-02,7.104164345442446835e-03,1.629935028252746387e-03,1.108475253128586580e-02,6.916552300600745107e-04,3.476057085663473989e-03,2.314448041404796458e-03,4.134915349186134292e-03,8.593820591841050405e-03,6.134517929535865735e-03,1.071421645405242970e-02,5.252744227401649757e-04,8.461505538199704662e-03,1.124637368552644512e-03,1.873267857371536949e-02,2.362083766719838725e-03,2.396889307009687775e-03,2.629798072966242455e-03,1.376214370579969572e-02,2.458551576395483912e-02,2.109136332353420129e-03,3.386237920485993258e-03,8.052392276868783338e-03,4.010444445866918201e-04,1.593907892813693078e-03,1.035164069155756691e-02,2.097799466118197009e-02,3.302802915987800014e-03
3.221829993969903619e-03,2.128987056384650314e-02,8.334223199353032324e-03,8.551717764398218680e-03,4.098607067071867796e-03,2.250081073722508263e-03,6.760681806044730249e-03,1.430135082495724574e-02,8.310713925027968241e-04,8.308010617859087898e-04,1.327844730280011709e-03,6.710932686195760985e-03,7.269099051119499479e-03,3.545669600480836486e-03,1.509320230650247965e-02,2.095509525385284844e-02,2.478466010076693302e-04,2.733966618335137433e-04,7.906780321946405704e-03,5.965239083158721881e-03,8.481404519984248047e-03,7.621467168766408659e-03,3.219299093722486488e-03,5.218616744698569010e-03,9.320554737851584511e-04,3.293037705680963712e-03,2.773415892301031235e-03,8.388144201591896110e-03,1.143528829883225587e-02,8.808689128058383097e-03,4.000134033813242812e-03,1.724005445058018546e-02,4.833742840778572011e-03,2.932233300504960560e-03,1.223382050394281745e-02
0.000000000000000000e+00,2.906508795207118825e-03,5.797386172745672063e-05,6.259876130745864811e-04,4.760681633426742596e-03,0.000000000000000000e+00,2.946723443744428406e-03,7.338718417931893718e-06,3.388928491883653853e-03,0.000000000000000000e+00,2.159015998095573877e-03,5.915401888996417966e-04,6.629785645092097814e-03,8.497174524958506919e-03,2.190085921743008818e-05,7.037102081566330020e-03,4.970966689170359942e-03,1.834095428756708085e-03,3.630546861740389236e-03,2.456078536067322904e-04,1.605648071646296419e-03,1.572475815272278009e-04,4.434152036170042888e-04,3.295028899745294521e-03,2.938521587796609491e-03,4.678830927607751169e-03,6.638362507389547994e-03,3.374952000090205152e-04,1.057817316112777406e-03,5.365538309005220274e-03,4.597248378321473067e-03,7.874862530813583894e-03,3.186792406235483543e-03,0.000000000000000000e+00,1.593838766909975774e-04
2.606281808235775838e-03,2.743469509089213609e-03,2.684224018826189551e-03,5.194033276633390483e-03,5.083309468836927011e-03,3.177759869345320176e-03,2.285655142116466317e-03,1.990285695442378655e-03,7.825361650960038773e-03,3.994887634782073177e-03,5.547268973953713850e-03,2.669717376739308423e-03,8.815090988533572092e-03,4.006566239432374568e-04,7.804313896033450784e-03,6.403951050580137909e-03,2.469770247981869019e-03,1.540206787548001333e-03,6.114122879010489009e-03,3.724482317385343147e-03,5.557790067101414655e-03,5.605584569650480693e-03,0.000000000000000000e+00,1.362084449526705654e-02,5.881496211193232336e-04,7.184376181488240365e-03,4.306169668625473880e-03,9.353899802267614041e-03,3.236864712781715482e-03,2.277840074306362872e-03,1.234213370791915898e-03,8.853930598690461229e-03,3.183301867276050814e-03,4.684725363883528171e-03,6.619035262490080562e-03
1.842398147225615679e-03,1.263113011947148215e-02,1.376489346706618287e-02,1.597513253705768604e-02,1.156794517883824938e-02,1.164628491140545351e-03,8.681550201921600651e-03,3.499878266051543313e-03,6.204950974090828707e-03,8.838478825427193916e-03,2.705812533568012837e-03,2.330254154179617343e-03,1.381746024973806546e-02,2.245889558976359168e-02,2.420218000886474943e-04,4.740914227977573170e-03,3.780012741540550447e-03,4.232506696607578507e-03,4.881395536009188602e-03,2.026336540947124010e-03,6.371953722736922038e-03,3.930542270374200869e-03,1.575768021250806197e-03,7.907538274827909108e-03,3.279077332771599806e-03,1.201044565201424101e-02,5.510448165686802208e-03,5.188092798418227417e-04,2.115765972883675017e-03,1.282053532995659773e-03,4.333427479292627227e-03,1.480449112354412233e-03,7.852075401188877285e-03,2.202973101955686946e-03,2.178293008464185932e-03
2.179331954160923512e-02,5.137383049005107838e-03,8.870288702498028977e-03,1.827816286641436444e-02,4.219336451421133727e-03,9.875690647932998389e-03,3.361871249078467704e-03,3.026228246166479119e-02,3.515853874432164905e-03,6.236774915027568089e-03,4.612847016726583441e-03,2.346037347784213356e-03,9.871108653843267688e-03,5.884805495594214869e-03,9.759443137819692748e-03,2.274992288025634926e-02,3.318385462233387068e-03,3.168978736206258529e-03,5.951481300860123058e-03,6.751045491921673324e-03,4.320878521020136975e-03,5.296879256860616975e-03,3.339881021729826979e-03,7.608532883864497316e-04,9.349424578355011945e-04,2.564669007321718208e-03,4.584169970047170112e-03,8.133713833533326443e-03,1.933212134394203573e-03,2.746069386341900599e-03,1.705438738770340135e-03,4.096192795878562942e-04,6.136142562758379639e-04,1.788117694204419952e-03,9.982552166739287747e-05
2.435859941534342099e-03,1.692703725194935616e-04,2.093517959408770779e-03,1.391818357998665656e-02,6.145049833813991461e-03,5.292218120139985209e-03,3.045093382592458167e-04,6.319154327378711383e-03,1.721717989809839686e-02,5.753300265043467462e-03,1.163722746184148171e-04,9.040591409653415955e-03,4.459474922765670896e-04,2.335176403057459375e-03,7.570697064998806181e-03,4.855893496863890324e-03,4.209791500565456326e-03,5.059545955650758542e-03,1.016897485806677118e-03,7.624281656466901785e-03,5.725174058615868644e-03,1.160576715436227591e-02,2.539126705238464038e-03,8.949625956918901004e-03,8.915183000618995875e-04,7.995378119933376632e-03,1.146131549831626642e-02,4.903942873281857961e-03,4.604145214721655846e-03,2.271762858577764527e-02,3.372237761948820162e-04,1.627658063435356503e-03,4.172617087842820684e-03,2.009303991004093848e-02,5.079447649020123190e-03
3.693351865575979047e-03,1.032654411357006004e-03,1.148104171675825950e-02,9.033350894744872697e-03,4.517705407843842363e-03,0.000000000000000000e+00,1.130793957247860221e-02,0.000000000000000000e+00,2.655833338522182747e-03,8.465947354332920352e-03,3.111604474468543900e-03,5.075480815776613197e-04,3.921145819940123622e-03,4.484355111428889318e-03,1.541801826897540306e-02,2.509147626987158139e-03,1.092922851783056926e-03,3.675561439480104584e-03,2.039039982358829134e-04,2.877857645793777987e-03,1.786503719633273594e-03,5.606816434737466384e-05,3.956126741118656809e-03,1.169713889805057720e-03,5.560191857769125612e-03,1.394579058267997372e-03,3.942942491638807417e-03,2.046075210429997276e-03,2.959713009167353609e-03,1.334223285959481621e-03,3.975485654694840831e-03,3.131988925155898551e-04,3.572030160336761573e-03,1.507880992838475875e-06,0.000000000000000000e+00
3.468568388322948448e-03,4.523528417381728756e-03,7.429008548143836710e-03,9.430867280097929989e-03,1.850851993563473394e-03,1.252741752507007152e-03,3.805785322850998437e-03,2.064005759234420825e-03,6.551413528884207985e-03,7.713135128365765369e-03,1.847217446782869338e-03,3.759661787681537262e-03,1.122834764230491028e-02,2.170792594775875634e-03,9.337332673761135696e-03,7.667744626186301371e-03,7.006564129185655077e-03,7.784765221709389477e-03,7.954822859957619285e-04,1.526991705334608540e-03,3.487630141481765783e-03,4.293449144046506023e-03,3.277579641862576193e-03,3.416278317122532684e-03,1.004930384324281833e-03,5.124911506354121182e-03,9.921881387424412446e-03,2.919791141627876233e-03,3.328203447383781127e-03,6.106125769174488432e-03,7.203756220967093976e-03,2.584306211984056800e-04,4.643310312091076392e-03,2.758567533778134503e-03,3.492377026011909275e-03
2.140768073700769370e-03,1.111597797161037460e-02,2.654914054887755337e-03,3.009505554369875518e-03,2.868025085471386654e-03,2.445175128502785622e-03,2.019557431106366700e-03,7.113025798578392900e-04,8.075010338978269586e-03,7.830517535935811735e-03,1.219003596913358772e-03,1.035484068663255347e-04,6.446280107449539262e-03,1.189512864369936078e-03,4.877216422878456401e-03,4.869407231762304736e-03,1.826472277445387836e-03,1.315849334777824398e-03,3.109055795992868299e-03,2.855956210079451871e-03,3.888243301093793555e-03,5.346834022551640205e-03,1.713665111345415173e-05,6.459731248451394681e-03,4.541919642972492579e-04,6.701660829989443402e-03,4.017134112792804072e-03,5.788064234358045873e-03,2.749145953415013752e-03,2.686629966507972887e-03,3.481943694663000230e-04,9.457453229489189150e-03,2.801636806871319902e-03,1.255235992100919157e-03,1.377380670479974589e-03
1.641426250870973167e-03,4.690388098428902486e-04,5.188145455118445444e-03,4.016430560665873624e-03,4.058955033759586647e-03,0.000000000000000000e+00,3.446380366688458867e-03,0.000000000000000000e+00,4.035117456447920650e-03,3.645136889312184866e-03,1.389674883524569943e-03,2.606370403184061438e-03,2.965484906381182784e-03,1.543453137839386792e-03,6.852187618240307941e-03,1.139672288946722229e-03,3.257532736251331218e-03,5.001583141911345939e-03,6.559853652938893095e-04,3.837206615032451307e-04,3.703426329010086650e-03,2.546654987994475622e-05,1.978690651891956698e-02,5.312921774186732263e-04,4.840931494496165943e-03,1.032222625265493202e-02,9.433908827079229287e-06,9.099837213972901623e-04,1.396985004155647941e-03,6.765711025673494354e-03,3.184045001151450394e-03,4.345120321457339105e-03,6.378355534149546258e-03,6.701434184767205206e-07,0.000000000000000000e+00
1.812597625415122028e-03,2.025844890732870444e-03,2.019854726118089881e-03,7.112120507562256534e-03,1.880676200605483142e-03,1.167533746084503318e-03,9.999160951783173101e-03,2.668641338927650944e-03,1.669487063162187340e-02,1.069849822230987957e-02,2.602070112043401197e-03,7.208722920749544190e-03,2.138935652108726188e-03,7.215647468941550902e-04,8.047541104571669102e-03,2.571479413151851485e-03,3.831511399476378310e-03,3.736530396535483328e-03,1.793454306578906240e-03,8.876865919813299588e-03,8.260486599973802455e-03,3.892236392735961328e-05,1.775410379532729732e-03,4.374012356537940703e-03,3.758621358311867340e-03,3.385734231559963531e-03,1.580048687506753480e-02,7.208373917339389036e-04,4.701690588746032518e-03,2.693084487783544562e-03,2.006217353064197045e-03,3.312441372538612108e-03,3.363595409739619443e-03,3.423967995258992824e-03,6.648019972789175405e-03
0.000000000000000000e+00,2.522801004978337050e-03,1.047732109622023458e-04,1.057303703188903696e-03,4.958844828499755358e-04,0.000000000000000000e+00,5.809615757201666564e-03,3.818695605617265527e-05,2.318295876036628386e-03,0.000000000000000000e+00,1.899093084897607742e-03,7.508407035061461475e-04,2.355824087415673510e-03,7.176424307390039461e-03,1.139609262681194428e-04,5.999074539263024933e-03,7.920672291000328130e-04,1.801835514775806946e-03,4.413920595601059788e-03,6.306515009246303760e-03,9.841862526878252665e-04,1.340523345784276361e-04,9.395174909332176458e-04,2.871963604438861322e-03,5.351736134493337640e-03,2.044137350953028481e-03,2.501120599364996776e-03,9.424614483005122872e-04,2.795156951336520007e-03,3.685793668308904453e-03,4.750275233075073114e-03,1.148715947341925198e-03,8.731224364580639219e-03,0.000000000000000000e+00,8.293525856489743003e-04
2.861087268446437773e-05,1.256093937721405526e-03,1.066629621942577445e-04,2.878799868648858709e-04,1.009043924819211756e-02,0.000000000000000000e+00,1.055297281262686931e-03,0.000000000000000000e+00,1.478464330583825585e-03,1.688700052684747308e-04,8.636242905166358237e-04,1.346958590323093672e-03,1.998137041553450875e-03,3.810749377709381561e-03,1.194370246311768200e-04,3.052061840286871778e-03,3.696307321830835657e-03,4.680024646362867385e-03,2.866862225815712886e-03,4.600451882230177994e-03,6.158574284929484079e-04,6.819985520940848706e-05,6.837929830212849391e-04,1.422809518551222067e-03,1.738810344580447864e-03,2.018410262985892607e-03,4.793206451474083321e-03,9.644281150886884737e-05,1.818885602992119030e-03,4.170523928875496250e-03,2.235914518679393143e-03,6.278809485400528578e-04,1.334321391952036223e-03,1.168093176053167622e-08,0.000000000000000000e+00
1.676183787090266067e-02,1.450871906925519338e-03,7.929824019781171740e-03,6.626587288631323458e-03,1.599072715101703540e-03,1.271235481809474682e-02,7.977643808114416937e-04,5.059491300398679531e-02,9.744245681429439254e-04,1.363738352073994020e-02,4.385777284291129258e-04,1.976360362919437480e-03,5.331867142422508365e-03,7.399309852511758850e-03,2.407300656371705316e-02,9.111895629283317359e-04,1.356295993595529187e-03,9.352190213793732526e-04,2.933726167432224984e-03,1.218919230520364464e-03,5.537084683570319549e-04,1.784907706391127002e-02,2.889948013026985563e-03,3.102622544561207951e-03,1.639552809733358773e-03,5.574111646434181874e-03,4.521665655909952453e-03,1.310285649191438029e-03,1.760180335866989246e-03,1.157926092610728208e-03,7.157042876838531215e-03,7.586290975784587554e-03,7.645722297996253303e-04,2.126985766993846113e-03,1.929802508845307463e-04
1.887390269364047635e-03,3.651216982652307711e-03,3.579672966514596544e-03,8.001138006969166216e-03,3.598546661527799763e-03,8.212168168188055655e-04,4.708180247139193836e-03,1.105549898382029083e-03,4.869595314066329367e-03,9.260671800369404266e-03,2.862099704654501309e-04,5.466041571789105255e-04,1.125481552734091187e-02,1.148701332621283183e-03,8.188761114786408807e-03,9.718018166315491035e-03,5.399423473822469524e-03,3.354304971184378370e-04,7.660374862845098498e-04,3.378358990685292190e-03,3.773481458187458865e-03,4.195464851197115708e-03,3.867031289898265056e-03,1.737088257831107072e-03,9.137919459428593683e-04,7.357460646589715492e-04,6.400698534346153934e-03,1.503804684524830126e-03,4.610043272752271590e-03,8.389033446532159072e-04,2.545372990629724691e-03,2.672152026693224575e-03,2.835784078820392535e-03,1.510072669035235522e-03,1.388385066899698247e-03
1.062324215965007417e-02,4.543604740470715692e-04,4.544044405795921726e-03,2.177910349537778845e-04,1.877225025682265069e-03,6.093899172213037077e-03,1.169183448438280504e-03,2.000987636736638320e-03,3.872575605909568675e-03,1.522522974054407036e-02,1.876446841390834973e-03,4.349083799685127261e-04,4.254630666119585403e-03,8.618548543228771175e-03,5.268250800492917107e-03,5.020548543267347235e-04,2.443728242922883244e-03,5.181332850267925810e-03,1.477337630596747354e-03,2.332160921554186483e-03,1.216245519899761610e-03,1.044979079517422381e-02,1.825945150062871676e-03,9.460053625441070197e-04,8.996919330123959559e-04,5.088899371503601346e-04,2.002340457881692654e-03,7.041879177480999535e-03,1.370736663348925488e-03,1.530454232528518027e-03,4.745002951594447238e-04,4.550363518214604885e-03,6.004918845783861064e-04,6.889881496477954278e-04,4.477003542697442773e-04
1.631809874039094697e-03,3.845339943550826582e-03,1.452344036515729186e-03,7.098164900712494729e-03,4.358178661948958199e-03,3.042055240279074521e-03,2.871758046988544862e-03,7.780289245309127306e-03,5.981315524727962539e-03,6.601418389629402916e-04,8.951992232207536815e-04,2.415729549762313938e-03,4.544382971606236027e-03,1.835924073237441782e-03,9.691628381995366637e-04,7.648981449962441448e-04,9.953969709497641205e-06,4.500030186464279262e-03,4.876234672680845178e-03,4.271622865406960595e-03,5.833815244428641397e-03,6.153878383875543978e-03,1.055099596561128068e-03,4.287851631261017926e-03,1.641710943665333593e-03,6.124707193504878855e-03,4.256430440308101026e-03,4.186934706593817973e-03,2.012947014301413092e-03,3.886355235739949454e-03,4.173915583324978862e-04,8.764967537367107653e-03,9.586957173615424238e-05,5.842463236101998192e-03,1.916070549604402540e-03
1.855713186342461060e-02,3.264138794315759196e-03,1.403478439461851128e-03,3.120214027198479640e-03,4.240174429195138830e-03,2.279017069794244538e-03,8.964708210029006391e-03,5.685846689380056988e-03,7.159189244414410416e-03,3.577801473342377692e-03,5.710307177187123016e-03,3.690438381807510399e-03,2.025768586196803611e-02,4.088616496188968163e-03,1.455667956010272147e-03,1.340544399630884224e-02,8.966675631402624969e-03,1.216625137787711620e-02,1.655949810030596034e-02,4.074243589057039219e-03,3.920975490077501305e-03,1.879479523607631300e-03,7.298865521050431834e-03,5.921647921498894920e-03,1.934299781511509154e-03,2.226813168172835783e-02,6.775576099620965291e-03,6.044205605956470308e-03,1.347739924265310696e-02,8.342299911285263464e-03,2.023026385388961013e-03,1.321093598097866639e-02,9.051749892171528922e-03,5.183027456622277956e-03,5.247718990739816750e-03
0.000000000000000000e+00,1.863163134679667737e-03,9.711758009849464311e-05,8.428798844396880909e-04,2.892925675950626385e-03,0.000000000000000000e+00,5.902013759081191357e-04,3.204222175754145699e-05,2.074677095766527552e-03,0.000000000000000000e+00,2.445978610377653496e-03,4.637976942920007950e-05,2.671240314174711927e-03,3.876518807675781095e-03,9.562326114201145997e-05,4.417337146138211254e-03,9.334124684818988910e-04,1.873786178798803135e-03,2.423945821415479304e-03,3.346167646358890607e-03,1.051374077473821514e-03,9.870761784743237058e-05,1.180277839328273959e-03,2.122470319037193364e-03,9.346794523867455774e-04,2.757706481988642100e-03,2.710669074493649716e-03,7.744268422044832791e-04,4.907648555356691755e-03,2.916674863986598587e-04,3.758721687562159575e-03,3.599812220614879640e-03,1.809792286319226312e-03,0.000000000000000000e+00,6.958999147631530699e-04
8.500546812889942308e-03,2.117332243584924239e-04,7.752485391113402013e-03,1.723412926682075380e-02,4.213059805725598121e-03,3.750623403632423730e-03,2.357460003318407639e-03,1.644043623339994098e-02,1.443018055041437459e-03,1.031276853102548047e-02,2.152806300801052633e-03,2.906696676257501666e-03,2.544670218160807740e-03,4.924332450292116109e-03,4.657464462842306196e-03,3.872269360524776714e-04,1.059983711843862086e-03,8.892835923268119919e-04,3.537271099043532200e-04,2.596914637680513074e-03,3.610251008096456750e-03,7.168566757427490867e-03,2.663460369830230549e-03,4.787362366445634338e-04,7.564468690887656086e-04,3.399650823574960554e-03,3.587647001575475225e-04,4.494580317768415503e-03,5.527316284542062004e-04,1.437884472323134764e-03,3.142203617185791720e-04,6.659813326728766109e-03,3.106262827677575607e-03,5.295203750661859124e-04,2.524145421059917176e-03
1.448702904435529137e-03,9.092450058116874345e-03,3.171292483553166293e-03,1.584790664945871091e-02,1.715892597385388664e-03,2.274884690315631067e-03,3.701479365786690141e-03,6.077642573053416639e-03,8.381930781401890351e-03,9.064071751125505477e-03,4.504076721321931959e-03,3.173406658997197233e-03,9.466217266637221711e-04,2.275829019872852108e-03,6.812712234722177740e-03,1.105473428127242905e-03,3.809519990449075980e-03,6.616126332877746152e-03,1.036225080261884805e-03,2.840476346167557925e-03,7.701920080104805721e-03,9.913506131164253818e-03,2.937255566432618419e-03,6.291997681806103457e-03,6.337313168503205113e-04,1.034863577248392764e-03,7.319432400599273220e-04,4.103463557725565286e-03,1.430731641320120463e-03,3.886083616166310928e-03,2.481358855327435095e-04,2.342510528060709647e-03,1.295584372303870907e-03,6.493902371850720535e-03,9.609574375711780331e-03
1.081554073015350797e-04,1.731559276430960073e-03,7.894567950005275522e-04,1.227511612353084612e-03,4.026598588480418198e-04,3.050470734687081359e-04,3.083143942091200185e-03,1.091081517395231271e-04,4.200589765388932154e-03,9.099707109326486514e-04,2.692686575564300338e-03,4.666767347956338706e-03,9.731106153531846742e-03,1.282442364963062853e-02,1.434065688617151141e-03,5.052869334950078721e-03,7.987593441686428181e-03,1.245047139376935334e-03,4.232267579067328436e-03,3.042881953742495454e-04,3.917657634571798490e-03,2.462457101429217816e-03,9.638297293086243306e-03,9.062588341836732425e-03,6.765966112754363132e-04,1.018367516757011891e-02,1.034642290746125466e-02,1.574881871279409712e-03,1.808768981032751744e-02,1.444672621942408655e-02,4.724110654304202947e-03,5.437303506429349079e-03,8.866584350096531897e-03,2.602222832887838948e-03,1.186417892588639009e-03
1.295345047336068272e-03,3.116749359920798716e-03,1.290892422251591412e-03,4.195137242602594088e-03,2.740731457723338121e-03,2.148394631879913495e-03,1.430508519114610929e-03,4.934933405520549286e-03,8.166731901154350784e-03,1.119929879119985552e-03,7.891637207352551753e-04,1.417299185902352876e-03,5.966206085473559594e-03,2.862825274663251176e-03,3.235986983825205054e-03,4.127193504527087997e-03,6.847811458209835181e-04,2.628338791713940963e-03,1.794115581874618573e-03,3.259381941041869860e-03,1.313948814114217559e-03,1.607331448568220800e-03,6.128759826461191267e-04,5.250994508564296726e-04,6.962130589429063252e-04,4.375718309875851336e-03,6.595471616002034423e-03,9.667936980865510579e-03,3.700226411983197159e-03,1.005241174028293979e-03,1.156045361458167726e-03,3.039926844179493756e-03,1.290598958757025599e-03,1.290537985141631400e-02,2.705284784084376060e-03
1.390896046897554823e-03,6.248393651886426439e-04,9.520797428238516810e-04,3.391516737935040566e-03,4.445599454740127229e-03,9.089423073255800635e-04,3.750138473099885739e-03,2.879790467939823194e-04,8.160310880946746587e-03,8.220131723043446609e-03,1.123865374115075224e-03,2.053437923148824281e-03,2.532048221899847740e-03,4.276091431543792114e-03,5.806341080358407881e-03,6.514904405107245890e-04,3.003534593898061350e-03,5.005885569436798778e-03,2.157755679917096932e-03,1.737955059676750749e-03,3.698987035338457355e-03,6.393788001562384304e-05,3.682429900547391083e-03,7.228588357469299371e-04,3.758969501845702173e-03,2.867504023164329716e-03,7.656804714309919935e-03,7.765907159628020282e-04,1.453976005907915703e-03,1.424017176253317141e-03,2.468450956353609657e-03,1.895950445916877621e-03,2.428730337980506901e-03,2.662825303507996294e-05,1.638069274269462854e-04
1.636363381945993333e-03,2.871275842517932437e-04,5.081294732318821124e-03,3.972535207189738585e-03,3.236917151632098116e-03,0.000000000000000000e+00,4.004982291382572397e-03,0.000000000000000000e+00,8.767397239562269668e-04,9.658310530332298721e-03,1.264000623750234555e-03,2.330007438774600679e-03,5.064556077558011668e-03,2.359628028521050438e-03,6.831052506174132774e-03,6.976636992439789672e-04,1.175671308976622073e-02,1.413993897625363252e-03,7.423465471920838096e-05,1.457229407767851375e-03,6.062400750852337894e-04,1.558964587323939826e-05,2.383484548466367065e-02,3.252367101246837885e-04,1.434268628314794292e-02,0.000000000000000000e+00,4.827083549288764888e-03,8.955238737102995958e-04,2.408265716558038311e-04,2.186613955338858380e-03,5.524764550850377182e-03,7.700165278752914982e-03,1.535510408565865514e-02,6.680764061532090662e-07,0.000000000000000000e+00
0.000000000000000000e+00,8.351645996175421438e-04,8.794835271828470004e-06,1.458097452813986335e-04,6.436470667630509596e-03,0.000000000000000000e+00,3.830635499253351103e-03,0.000000000000000000e+00,8.736428296870274099e-04,0.000000000000000000e+00,5.617662967960614703e-04,8.712056838464733765e-04,3.017029709741380315e-03,4.915874808642700308e-03,0.000000000000000000e+00,2.029286129248489452e-03,4.867473100726618651e-03,3.458138446599383917e-04,3.048876538685905621e-03,1.851048870442723645e-03,2.987265432353819429e-04,4.534541809290458330e-05,6.347615738430539833e-04,9.460121621543985055e-04,2.696178967476498683e-03,9.961917893092082747e-04,3.034626206834000351e-03,5.392875727696260283e-05,2.998577856263025428e-03,7.885845545872053122e-04,2.849631213576037103e-03,3.433974900729976076e-03,3.011051990739362777e-03,0.000000000000000000e+00,0.000000000000000000e+00
1.977996717389405787e-03,5.838111144284525295e-03,2.882592861226003500e-04,1.346832562234353062e-02,1.524491731124883939e-03,2.697648990179733319e-03,6.007182403323812515e-04,5.022378984555107666e-03,8.794640188622944790e-03,4.039032677344966266e-04,1.847656978384279447e-02,2.589958941078513571e-03,7.295441813154942418e-05,1.035278596302639798e-03,3.196344920396564787e-04,4.140200820178492093e-03,2.349799898155525285e-03,9.833107986086407626e-03,2.968002454297452488e-03,3.234259812588343580e-03,1.347638414176794905e-02,1.600874743219985602e-02,3.648018636982696891e-04,1.423386860129357070e-03,1.823251751839268919e-03,3.599190965697083439e-03,3.931640948021484366e-04,1.889573328421247089e-03,3.169553335500661841e-03,2.161072879870911366e-03,9.377451143069859968e-04,7.834320015651808494e-04,1.178387854389372977e-03,4.861462296091710600e-03,8.243375672825938028e-04
1.302299466787622782e-02,2.370824727359800536e-03,5.165320773459218702e-03,2.662996307960966563e-03,2.345557070264322422e-03,1.771966077925257645e-03,9.891534861724501221e-03,4.665764170091182654e-03,6.170049923426757302e-03,2.649607238296690544e-03,4.099909501728653954e-03,2.845315317157799759e-03,2.231606428941744838e-02,4.952407836077525605e-04,1.770823057992098465e-03,3.540216331342776676e-03,7.780018971342284907e-03,3.292456863354641279e-03,1.135425913477238445e-02,8.874855114873719114e-04,5.934754449454997943e-03,1.563171084141012869e-03,1.070264271240606302e-02,4.310374871116329741e-03,6.642659563373472416e-04,2.493281139258660475e-02,4.300215594967070863e-03,6.490827267414361716e-03,1.408982265917993817e-02,6.386658621396199172e-03,9.829815003550880503e-04,5.708004718956639911e-03,1.093614627043481419e-02,3.740307128962838245e-03,3.929907112798781445e-03
3.213760493529482093e-02,2.512371251404266984e-03,6.288004682741745767e-03,1.939945666755779055e-03,8.354190722593770463e-03,2.316566493233417642e-04,1.788972456512025536e-02,1.351024793901212768e-04,7.091711769532392561e-04,3.209188041719590861e-03,3.840167966869049033e-03,1.731471736541246448e-03,7.560735965303418647e-03,1.623735123918040521e-02,0.000000000000000000e+00,2.767347676999295375e-02,6.997828436034166447e-04,5.351787589716927411e-03,2.536406898281448954e-03,1.325549328329551566e-02,5.569650964535729706e-04,2.348557174307482759e-03,3.697398968733185643e-04,1.143617179655773532e-03,2.084578357598336051e-03,2.920692536350027665e-03,7.402678678636144885e-03,1.083914855810418602e-04,6.045728203436830095e-04,4.868975692400951891e-04,4.179963442460939496e-03,9.624069802861769107e-03,7.381096258374948357e-03,2.155469113953311852e-02,1.696660324069345965e-04
2.847474546346702440e-02,5.715873927786955556e-03,2.521899313245985763e-03,2.697670691635435658e-03,3.615174878745323547e-03,5.752018904570216709e-03,6.885279564177338753e-03,1.213350671587327262e-02,6.029494782182086288e-03,2.366913133914922557e-03,2.169438954899948271e-03,1.824952912315835202e-04,1.035587264449902220e-02,1.130661954532651697e-02,7.712509876605912196e-03,2.395835239410926132e-02,2.912295488189512761e-03,4.208095414600502605e-03,6.328432804571831188e-03,5.277775132076881724e-03,7.776626288260240355e-03,1.264785228352045994e-02,6.974026728530287886e-04,4.023378389087718839e-04,2.200648505690053778e-04,1.007690718391369283e-03,4.798744545211723611e-04,2.456637014819865183e-03,2.017052938567896660e-03,1.859021554056301253e-03,1.181288730393215483e-03,7.161287867172842769e-03,2.278306854758686915e-03,1.440636037208315552e-03,2.465213492452372236e-03
7.611963284466684168e-04,1.426420014111789611e-04,2.398603793021014327e-03,1.849466927217884200e-03,7.359098678002008384e-03,1.820233737524619482e-08,1.971682401385923839e-03,2.273508249008084342e-08,1.573168552536985572e-03,4.492990060019022396e-03,5.936744043468887436e-04,1.101070020365327046e-03,2.140738673370270670e-03,1.288961227615516639e-04,3.177638991739413239e-03,3.434644499184064895e-04,1.737559234780949521e-03,2.029220574366419859e-03,5.701557684633395441e-04,3.087031343309868878e-03,1.466915636132262160e-03,8.508143918921892213e-06,1.110038937548217530e-02,1.602383277802234480e-04,3.165900405077259200e-03,3.950841188864631474e-03,3.494562862094476204e-03,4.173125668917883726e-04,6.848770374923386292e-04,5.121829953292315364e-03,2.542913506909891611e-03,2.155074399462150736e-04,3.746303985145532298e-03,7.505265455854201495e-07,2.631461190535190100e-07
3.329895406743409170e-02,6.380535419537356791e-03,6.663994137190959455e-03,1.793313773540507628e-03,6.106417833123324937e-03,1.301215890226461482e-02,9.951691346017336667e-03,4.610115099529879697e-03,5.065601620778578153e-03,3.114331940807203106e-03,3.366030350950373253e-03,1.096302870878354844e-03,3.993534347944888152e-03,1.362261199927708617e-02,0.000000000000000000e+00,2.556943158235791894e-02,1.014328012951160865e-03,7.180278113389912051e-03,3.080005357889862086e-03,1.015456274093108451e-02,4.084753409023065412e-03,2.251370478836721943e-03,2.869854823498921422e-04,6.985900568950655434e-03,4.065158665332034614e-04,5.062923906937799590e-03,1.066987662410126027e-03,2.057146514002725039e-05,1.225157011451295276e-02,3.547540751140132367e-03,1.472943844372857003e-03,9.231192085969966432e-03,1.179605714488489877e-03,2.173912999999999887e-02,2.383814369568888238e-03
1.857731941045825518e-03,6.330059280569436467e-04,4.113812051328387398e-03,2.912725586490356403e-03,4.217782892180687616e-03,2.624884773305680413e-04,7.168921242326060234e-03,5.574591220868967481e-04,3.477985668455516478e-03,6.338835961581960020e-03,1.583356885626040125e-03,5.641413663662581991e-03,1.920537707306881406e-03,2.219976546441311711e-03,4.907604502479078618e-03,1.514290543755739170e-03,4.430234650810620581e-03,4.431318174266101612e-03,2.726890873539157285e-03,4.010077491922354326e-03,3.362631710430292759e-03,5.977098997644962462e-05,6.814476867922117723e-03,1.134401830808775885e-03,8.884196337602748295e-05,1.496717802829343642e-02,6.868053738254084432e-03,8.729588745881495821e-04,3.643583658921028569e-03,1.079602478217698593e-02,6.924947263715931778e-03,3.368271113364960587e-04,6.757862167377904836e-03,7.615105950408785143e-04,7.000750682037637984e-04
7.382923811499186861e-04,3.640495295311883556e-03,1.276354656718126784e-02,6.698365117968520764e-03,5.728397172618793914e-03,8.764570437005455433e-04,9.823163015657646394e-03,1.592233357341411425e-03,2.299263541356579097e-03,3.715027216247796665e-03,2.670680690010970165e-04,2.166967044074365363e-03,2.195881780462486527e-03,3.587147928480277637e-03,3.337242329057401799e-03,9.875153414191130408e-03,2.555135194144320023e-03,7.008519702682526262e-03,5.304784005609337535e-03,6.327255498713251630e-03,9.735636863406824104e-04,4.423121558866960866e-03,3.564323302121697769e-03,1.630111372707099184e-03,3.332122924549013815e-04,7.497248640017210863e-03,3.353435216441684116e-03,3.006752340466830199e-03,2.589668562213127447e-03,6.820786861745106386e-03,1.887677513394032947e-04,2.003131092796213431e-03,1.368406023324841153e-03,1.300847195991314915e-03,3.320176324509955569e-03
1.411212564009858362e-03,4.254699428920619315e-03,4.696065756630824102e-03,6.237783906636545569e-03,5.215254887687886635e-03,7.853408964394148831e-03,2.057846132646438432e-03,2.052270800918910842e-02,1.332068296767709853e-03,5.116775606475431996e-03,5.639304901524905440e-03,1.090051907836093494e-03,6.643929810678998564e-04,4.418095821477305805e-03,9.520898612025967961e-03,2.830521343868561135e-03,9.672745358962886713e-04,9.152941335272262585e-03,3.163157823488056165e-03,5.026433877473303509e-03,3.850188741643197424e-03,3.567360684956015406e-03,1.129180063207047263e-03,8.911066942634202070e-04,5.275999203428724570e-04,9.192356143336924412e-06,5.684243547863635816e-03,6.351806690232350214e-03,1.300488219362399590e-03,2.021202611925338680e-03,3.609938851444086712e-03,2.090859563046337452e-03,6.610327671531387398e-04,1.137521124110628216e-02,8.006237299426998202e-03
2.781440513298922505e-03,8.638424222701857405e-03,1.717032047684127760e-03,1.147363935220855821e-03,3.877770908315873039e-03,2.958034331400627003e-03,1.735969762497442323e-03,8.594305887804014332e-03,1.528306385188569518e-02,7.706808541498374673e-03,3.108102015058155851e-03,5.934236210995348648e-03,1.350580213522267238e-03,8.139327216097318879e-04,2.185731253533693824e-03,5.198832677853164677e-03,1.850263526202633110e-03,1.021361197574741954e-02,4.219683987858089715e-03,3.069369869816325480e-03,3.602800678927670780e-03,1.904328185927462933e-02,4.920912317670561240e-03,3.101543188906048798e-03,4.038229860065939967e-04,1.297166039915736285e-03,4.259572508333892005e-03,3.929440453303897213e-03,3.006087052918442366e-03,6.810085331227178074e-03,1.469384463539227630e-03,3.619630162404813539e-03,1.027759633924422555e-03,1.910612212570611188e-02,3.714561541812955517e-03
6.164609533530173964e-04,9.788558480659504540e-03,1.567071930602412580e-04,1.676640332433042757e-03,3.282444140903145735e-03,9.484855810434622558e-04,4.143647578470515715e-03,3.926751756757503042e-04,6.393208985508991304e-04,9.826977003433979424e-03,4.733932735691513509e-03,2.292202100979512207e-04,3.421279470712077116e-03,1.350654429857644882e-03,2.693886962230654901e-03,1.217932800581654831e-02,1.449235243855141915e-03,8.210308263014555810e-03,1.041784170759275582e-02,2.241159672319908026e-03,6.429694749965966620e-03,1.376499094950955242e-04,3.079329702742510458e-03,6.954501512864370849e-03,8.690200444002856104e-04,2.307068004785148632e-04,4.377345628535738581e-03,2.259711528238191654e-03,3.434298097635499203e-03,2.319046584491798665e-03,2.951642948007628976e-04,1.191847237469122536e-02,2.444325033175814756e-03,5.909683132445534351e-03,8.629854910333276813e-03
4.780629150516265899e-03,1.884625246057050672e-04,9.744191569242603712e-03,1.330124114160103135e-02,3.479125734961752928e-03,2.450172942527973664e-03,2.404524223454565946e-03,1.077108487603027284e-02,8.698613674266388388e-03,3.158253796245374945e-03,4.468111561306070505e-03,8.899966706441761466e-04,3.172667895009681494e-04,5.174492133479682322e-03,7.373769787380159840e-03,1.204508684011617849e-04,2.171649291735134636e-04,4.128019471576918273e-03,3.144465340007102593e-04,2.399027575710651217e-03,4.483538209408652331e-03,4.369016515741949019e-03,1.551835931495495211e-03,2.504200131446936172e-04,4.105233014587363234e-04,4.951045040599831928e-03,1.511318715567127463e-04,1.764946478263902316e-03,5.090669798924332213e-04,1.212709509066369319e-03,1.361954908793329942e-03,1.508657893246172395e-03,1.724988706357405291e-03,1.122957464647745316e-06,3.046080512826990563e-04
1.617837870337783784e-04,2.559285203820076604e-04,5.074850438743435136e-04,4.324820598573864464e-04,4.269826764042519360e-03,0.000000000000000000e+00,3.569803976377386358e-03,0.000000000000000000e+00,4.148693815854366984e-04,9.548967369870847493e-04,2.780224496336859718e-04,4.683984843243426993e-04,2.312370458903891673e-05,5.038923794638706238e-05,6.753717151511695344e-04,6.218560948681627542e-04,2.360369646824447484e-03,3.406527389716603295e-04,3.853574985056901735e-03,1.339148654327511085e-03,2.334427770515610547e-04,1.389568686691833640e-05,1.401853558154284723e-04,2.898967377621518163e-04,2.545575353521272594e-03,5.786039533985839469e-04,1.399170807894514236e-03,1.032314562165887595e-04,1.042789882937265964e-03,2.298810361078586825e-03,1.790273883058673271e-03,2.304547836787887785e-03,1.816732888901450432e-03,6.605130144555508670e-08,0.000000000000000000e+00
4.828900651934091466e-03,2.307144314056402100e-03,4.876120374275295932e-03,2.551494604881071951e-03,3.304675891870723949e-03,2.222419552486846420e-03,1.074545840874224084e-03,6.236250475857892626e-03,4.420875427352673540e-03,4.017607029817724107e-03,4.165799283168397996e-03,8.739556185185385143e-04,4.184447995545057843e-03,2.006938867982972167e-03,1.376845396969341752e-03,7.385454592656878064e-03,2.553906024593254401e-03,2.681145105741471364e-03,4.691147039609101267e-03,3.581294203906593924e-03,1.001366284481258057e-03,8.256870985256389850e-03,2.043874761410590605e-03,7.334031822881334657e-03,1.941811476922514603e-03,2.635404815102431776e-03,2.198496900848567054e-04,1.768475302833880623e-03,2.892761931902669819e-03,4.782369065484788455e-03,2.660731398789769383e-03,1.165135450717440582e-02,1.655615279903225852e-03,9.979530307399489888e-03,4.620447900213195402e-03
5.518842929218164585e-04,2.834480225371094515e-03,6.387339323646028938e-04,4.898012675099714178e-03,2.003950428919916513e-03,1.805546001973362550e-03,1.109524546812565296e-06,5.342842507328610102e-03,3.785020551572922370e-03,5.720737800008951490e-03,4.944277798219834374e-04,3.033753984179772545e-04,3.116119603012411365e-03,8.275194606332968899e-04,2.907255771449662046e-03,1.589166385228223816e-03,6.909765205143315533e-04,5.589557284332542092e-03,1.211702690081302262e-03,7.360790768833440356e-04,2.253268468353214829e-03,4.528667546199877103e-03,6.772219440672314127e-06,8.666185409580452748e-04,6.337864413253274177e-04,2.620997604969842361e-03,1.014390308018375472e-02,5.083244188810221581e-03,1.523377837260375635e-03,8.540632739626394243e-03,6.059041557398487429e-04,3.076900684613444528e-03,1.279999295132526254e-03,8.357242166356332325e-03,1.226370438297565840e-03
0.000000000000000000e+00,9.268696253347122674e-04,1.248271573693187712e-05,1.991169486276799308e-04,5.095612851439295168e-03,0.000000000000000000e+00,5.692875530240320420e-03,2.308887411453685884e-06,8.834753780309622133e-04,0.000000000000000000e+00,6.622230090051480595e-04,1.008480210820319719e-03,1.468970925681912414e-03,3.272450119640601778e-03,6.890388112396579338e-06,2.244200591143065068e-03,7.543588818337363527e-04,5.054732326435249640e-03,3.231300084339495341e-03,5.229655280437468107e-03,3.515282066638487804e-04,5.014778971924107069e-05,2.247096045581917657e-03,1.050754770726178289e-03,8.768711789696442133e-04,8.199607267209209653e-04,3.286198169492992715e-03,1.069845669265492079e-04,6.636228137405861954e-04,7.593055385402155098e-03,9.313025793272330585e-04,9.944221426299477973e-04,2.820689165019348368e-03,0.000000000000000000e+00,5.014491707180609471e-05
1.730595466128775906e-03,3.110490479307617944e-03,8.444369335592130654e-03,5.994624605824822212e-03,4.316301126231316884e-03,4.631755795869771765e-04,1.004260973012004003e-02,4.419767646768380832e-04,1.071651365120593336e-03,4.215915493695375146e-03,5.745836371149198873e-04,4.063677818062579397e-03,3.941804471520597014e-03,8.489818670819311228e-03,2.792501620685419478e-03,1.189578877416039987e-02,6.795639625639185444e-04,3.109222181028808291e-03,1.927387755206549230e-03,5.818993473822822726e-03,3.666679617207162928e-04,4.315259160389657393e-03,1.999418090686447269e-03,7.670987482508023758e-04,1.281609003870226094e-04,1.303607120560025361e-02,1.718635614364989045e-03,2.320353381055165545e-03,1.894132218274023616e-03,9.120067506498710092e-03,1.340840164266545939e-03,3.071569511585933027e-03,3.914518692096661200e-04,7.776587336640702246e-04,2.384639487435852995e-03
2.439397086220224803e-03,4.629961067855966651e-04,3.619213406576362885e-03,2.499723475687873776e-03,1.205690753429115251e-03,2.116705543090396794e-04,6.034040325544465580e-03,4.413302301210411780e-04,2.903015924849810126e-03,7.314121922596819071e-03,1.320401626373044054e-03,3.472157121242597580e-03,6.247369210063066780e-05,3.576890192427257392e-03,4.174059325834459169e-03,1.602149265326001598e-03,4.416330150425827605e-03,3.891483913368732478e-03,1.416242840824605536e-03,2.797687804272142465e-03,4.478629402351183217e-04,9.596350256993166404e-05,6.670286986468794768e-03,8.134209156020833290e-04,5.244469650766102331e-04,1.593787085890614741e-02,5.693228605732327842e-03,7.233556858029241768e-04,4.763421040802932535e-03,8.730054286347148362e-03,4.543796953713867548e-03,1.163104712851800032e-03,5.669116794134798805e-03,6.029023079136997410e-04,5.542366762171474330e-04
1.134803606249067424e-03,4.669085019165214456e-03,1.380769240546642941e-03,2.635514470455690289e-03,2.137641653767107311e-03,1.367906073696855372e-03,2.774838438299459943e-04,3.123315207618286918e-03,6.515609775245713442e-03,3.485932458231746564e-03,1.842079172458966491e-02,1.791776734928501869e-03,2.629985972156382787e-03,4.569214789079257925e-04,3.648037650090451764e-03,3.454243967345930425e-03,1.579111263711761425e-03,6.048155815345283848e-03,3.322820799096978459e-03,1.048177174000663667e-03,8.013889194065971361e-03,1.691539075536180325e-02,5.124641399807722177e-04,4.179288142750016422e-03,4.400807833579949277e-04,2.323387433412161737e-03,4.118174217407847421e-04,7.005564367659242175e-03,2.699305335511289258e-03,9.988111330095040749e-04,1.247025373325275771e-03,7.739779500193144299e-04,7.785321707214881270e-04,6.796055408261961195e-03,8.604719579630389081e-03
1.188924965647319976e-03,4.130158119657660609e-03,3.409899019996965978e-03,7.973120981093132290e-03,4.405808097172168522e-03,8.243342409548232858e-03,2.351135121159934373e-03,2.233346953710977495e-02,2.434735360919379824e-03,4.489834269087010325e-03,4.577449363240663170e-03,2.382706197498581785e-03,1.426144752874739831e-04,4.960658449109213095e-03,8.546013927543203575e-03,3.265745918884070849e-03,6.512217184334523823e-04,6.145517087955878338e-03,4.951632219873306276e-03,3.754531070265985492e-03,3.830102110735260530e-03,4.572382324136869958e-03,5.418305444032881640e-04,1.072820320460706953e-03,2.776049698297586364e-04,8.314797477779753768e-04,4.951305106320646326e-03,8.074669457378032614e-03,1.682251017908798418e-03,1.878334071412452941e-03,2.591313109095317452e-03,3.250125853892762463e-03,4.492624694334773020e-04,1.102199635450394968e-02,5.425140164577424776e-03
2.198158694912384441e-04,1.625144855115857922e-03,4.797463238750301721e-04,1.019951452333427069e-03,2.212134176333611923e-03,1.181918758469928474e-03,5.435666357769493306e-03,3.939148825897518082e-04,2.553489217229161674e-03,2.756597425462632310e-04,2.458108878895747494e-03,5.108905330315351850e-03,4.391059769323244974e-03,6.685947501123664510e-03,9.588838476905705167e-04,4.172562117990142282e-03,1.783464119717028187e-03,2.538984664908134400e-03,3.017505933163710553e-03,5.382957466312376579e-03,2.605096115061268126e-03,2.332235443750403821e-03,6.908143260886196596e-03,9.149769695221951493e-03,1.270758979420982772e-03,4.886760201824438647e-03,9.204452456941401503e-03,1.601729253737513509e-03,1.265763985288825139e-02,8.359490146187937426e-03,7.262091535452078542e-03,3.990883754209330163e-03,6.604444743917761707e-03,2.469014606449596982e-03,1.464821836238322777e-03
3.908453384076849744e-04,8.228164965401943550e-04,2.177967125711319663e-03,5.337759743444939371e-03,1.501383036566807105e-03,2.761460650628401068e-04,2.670041125323140054e-03,8.593984373823508648e-04,2.590745631492101866e-03,2.306887143358737294e-03,5.656242545642129263e-03,6.195807912607125510e-03,6.783394499546881173e-04,4.921915585487712796e-03,2.426356326734131243e-03,6.613445828285371845e-04,4.326930203122288619e-03,2.166933274493424572e-02,4.921725296115083033e-03,1.816001870774361718e-03,1.995754044522743756e-03,1.039330328634333923e-05,5.800815408555832359e-03,1.509414264015206120e-03,2.838993713162538297e-03,6.909968073966053607e-03,5.858640322414785002e-03,5.916062049624398050e-03,4.063154615356855126e-03,3.872294720499614915e-03,1.279429426679482874e-03,7.018027653326534832e-03,3.927656727623486492e-04,8.098243324485584864e-04,6.528690833621749075e-03
5.474679066535353272e-03,7.696533066718448451e-04,1.245193977542674536e-03,6.010955468797370832e-04,3.619781392691160705e-03,1.028681878639557202e-04,7.421009747950030148e-03,1.710235444401378218e-04,1.220565057161789686e-03,8.877035357082367715e-04,1.274725122294244166e-03,9.966697167191600898e-04,9.313403904099809387e-04,1.596131024421709212e-03,5.014756473259836473e-04,9.278035578349042717e-03,1.505402349904950803e-03,1.866217774497623463e-03,1.986292666195486976e-03,2.654624991882965478e-03,1.360564229783078937e-03,9.305294496160602382e-04,2.995198333687098050e-04,1.004583815566698459e-03,1.573123900145500728e-03,3.697175435614577857e-03,9.370891099846467148e-03,4.169902710732169369e-04,9.820776997978921535e-03,5.979695953259121094e-03,4.558721864900717839e-03,4.029860298710536033e-03,9.314888364868982584e-04,8.775326183359005890e-04,4.272919469382750789e-04
1.739227446573297746e-03,1.806464312961679605e-03,2.850918190225541077e-03,2.948681286485907785e-03,3.483429555008739614e-03,1.050471319194904753e-03,3.748110434529845075e-03,2.370408778453958910e-03,2.225732089168178714e-03,1.801489339467894852e-03,1.190887591249121039e-02,4.418518997092294766e-03,4.393378457019161965e-03,6.214880901752230062e-03,1.571251618871121088e-03,3.144701085053831779e-03,3.204173425296863095e-03,9.774642517573976785e-03,1.086611744506805338e-02,4.095573828666177266e-03,1.276630946493855466e-03,1.177589622309543866e-04,3.262439263048146857e-04,3.832743333215562348e-03,1.111362627179864754e-03,2.703391297307319256e-03,1.429868011040766849e-02,3.692657856736703079e-03,2.527447444229113938e-04,5.628214483242089013e-03,5.175800958510078098e-06,2.471649792690295590e-03,6.315838370310401968e-04,3.061803866197978022e-03,5.590002136751814031e-03
1.025135977151854592e-03,2.036288945309352658e-02,1.010849375544143822e-03,1.831978703675820469e-03,1.279315660471019335e-02,2.089632723676496887e-03,2.877334772032154406e-03,4.126992394671665475e-03,9.186168744796474259e-03,7.179634406871046245e-03,1.364906758775242743e-02,9.066160416158715318e-03,1.229444994108381661e-03,4.158621178489119684e-03,4.103147027388968394e-03,8.245542296707859473e-03,2.050841865457310714e-03,6.591217377082063400e-03,2.110526435070010556e-03,2.799664543509422683e-03,1.129265908706014905e-03,1.239272936971009403e-02,5.057163943459388458e-04,1.316614755715318080e-02,3.992745689681905137e-04,3.759373069306973670e-03,9.607949200842579723e-04,1.049814629903551497e-02,3.459741828841336828e-03,6.589799165271400215e-03,9.609857682194591043e-04,5.853612701701848761e-03,3.143063015650644602e-04,2.021695108898194371e-02,1.411823546301544871e-02
1.953171429367099674e-03,1.395801032176260470e-03,1.738218296034910052e-03,3.043322703495006821e-03,2.211606939625274798e-03,8.154201709528824610e-04,5.458230343813881558e-03,1.968774204169851990e-03,9.437358072642430123e-03,3.597379075003251598e-04,6.541970227704431082e-04,4.435994909242890576e-03,5.455742307726373433e-03,3.319214320060850237e-03,7.363071939188221447e-04,2.681046971743579997e-03,9.043461552186524838e-04,2.895635055317373648e-03,2.733274624816023519e-03,1.160460987081420037e-02,2.886865830456837589e-03,1.877266073042945654e-04,1.596235504269168624e-03,2.896658894585406926e-03,4.867279852472924462e-04,1.197293940569671943e-03,7.806028837245414936e-03,3.924311783085453892e-04,1.020816615828353500e-03,1.836267385983422241e-03,1.348525023475095723e-03,4.018713873979944985e-03,2.068912082499525882e-03,2.274580300534108021e-03,5.724436240675094718e-03
8.558267902917523562e-04,6.144116360651316730e-05,2.701166402372858193e-03,2.062166270882084818e-03,2.167406477999558965e-03,0.000000000000000000e+00,8.570084718514390295e-04,0.000000000000000000e+00,1.847044831979590199e-03,5.051348002535619060e-03,6.013968861213212034e-04,1.137144704780269390e-03,5.998769256274066354e-03,1.720951772190097099e-03,3.572676952548909865e-03,1.492899736515189608e-04,2.147219541005813623e-03,2.454752411017923838e-03,2.012473841480076023e-03,2.903028737665860892e-04,1.798741277840383481e-03,3.335959466107347917e-06,7.338907907920340021e-03,6.959596713665448049e-05,4.548210650625328366e-03,4.941080680093135925e-03,4.874000207114782650e-03,4.626343651664530814e-04,1.715363717689190326e-03,5.602257545305714889e-03,4.531224383580534018e-03,2.639519201585673828e-03,1.450558516329159345e-03,3.494075293152828549e-07,0.000000000000000000e+00
7.857466708948887893e-03,1.553152384921896272e-02,2.652932080163920413e-03,2.666872014759201926e-03,5.691941847470874567e-03,6.719066343683890909e-04,4.789722638774212941e-03,1.265387131755610741e-03,2.907075732415734682e-03,2.460478505909449200e-03,3.493009703179602264e-03,5.843569320653797632e-03,2.035575416490644027e-03,5.317475788522550532e-03,2.141283959798384335e-03,1.968631377234227042e-02,6.547976999517013050e-03,2.425460340653152764e-03,1.495971513846933772e-03,4.801105262878021390e-03,1.796199747120990134e-04,1.112152488799745924e-02,1.552544732127654828e-03,7.186985884089944383e-03,2.022981361422387762e-03,3.217120356834535407e-03,1.087555912144983795e-02,4.530338010069880766e-03,3.162856317960151611e-03,4.623011440213144370e-03,1.247306292687849760e-03,1.922745233443285979e-03,4.998025133503288843e-03,1.159726776946145427e-02,5.007578691631354127e-03
1.700230822205782422e-02,1.799646387857976653e-03,2.393983879741519785e-04,3.135398723239316270e-03,7.173433806093808783e-04,1.571155680093300330e-03,5.734246940131471938e-03,4.458128901898726279e-03,4.958884451779146420e-03,3.012951355987000118e-03,3.453428375722500995e-03,2.324022202561228882e-03,1.081773831266409289e-02,5.206194897107772543e-03,1.374975379897029268e-03,1.652775416602841885e-02,5.177577261783790873e-03,4.346980215513761639e-03,9.132636351801799030e-03,4.183589437036152638e-03,4.945124147038584828e-03,1.980611879698446643e-03,7.624250329686211441e-03,2.902065517106090266e-03,3.729014254920804522e-04,2.690988623613389460e-02,4.512443584939875713e-03,6.421012077431504164e-03,4.726977264302059667e-03,8.231922969971876280e-03,3.085379962923946381e-03,5.037948070550986486e-03,1.458632349028789448e-03,2.756818467227878204e-03,3.155453554697994906e-03
2.978323749622960662e-04,2.137324526872215035e-03,2.647636243537396065e-03,1.986273810357964964e-03,8.304903055412503126e-04,1.218998805768816253e-03,0.000000000000000000e+00,3.015678209435011369e-03,2.109633834631942633e-03,7.005265041098718282e-03,1.146527108983500659e-03,4.628392760120808580e-04,2.779700603459316337e-03,4.954798486443440925e-04,7.098806098855822005e-03,4.736693281028055147e-03,6.774251138150387194e-04,4.892444512514409517e-03,1.296233699551946252e-03,1.695487809421102054e-03,3.489813144233645456e-03,2.269146161033963605e-03,6.134908139868728151e-05,2.000109058170045084e-03,5.782538287249265000e-04,1.877059373577209464e-03,8.897937138945963970e-03,8.710901622396684599e-03,1.321846807786652674e-03,6.635489926843326537e-03,6.945838374760468720e-04,2.566297018120878431e-03,1.187362540879125525e-03,1.507037702901557058e-02,3.617859537190203090e-04
4.803612577162130119e-04,3.525589594025158903e-03,1.660320061558320792e-03,2.250570396195348405e-02,1.971284141522737336e-03,2.093893794801318826e-03,5.129214264861723912e-06,5.412754836989471310e-03,8.900757457136093329e-03,1.721159202927085392e-03,7.074065869102474924e-03,2.101030352535650236e-03,1.597791681763968729e-03,1.080391021354633330e-03,3.827863040170537828e-03,7.460196573902105194e-04,1.662369407106657759e-05,2.621976071528871188e-03,2.736405796846861846e-03,7.089431799871682982e-03,1.318019688193144967e-02,1.033159823931176181e-03,5.730256230141715992e-03,6.497993725689258336e-03,9.478489545137213680e-04,2.452730643842072292e-03,3.022122595709508114e-03,7.935755923257639677e-03,1.758541358127825322e-03,1.546196770597997767e-02,4.842185459180466806e-04,9.523157667825493666e-04,2.009516672911825907e-03,3.078211461923506791e-03,1.388663122650325710e-02
6.644269732209086721e-04,9.310298463066605731e-03,8.093074432875355800e-04,2.112310789651338297e-03,2.772861200732281220e-03,1.513850841408717618e-04,2.663539668327634911e-03,4.172100338023319172e-04,1.080727502408675503e-03,9.841949601341725556e-03,2.821666297903518712e-03,2.066267599296648435e-03,2.726540264087197376e-03,2.318522962122670106e-03,3.165742279748257580e-03,1.309500411711893124e-02,1.372547156953725844e-03,6.582926073506869223e-03,4.537755591363406248e-03,1.315485556274304316e-03,4.492728770176398004e-03,4.082533493604994829e-04,2.466553417670476131e-03,8.927405704334888392e-03,3.092985716579520466e-04,6.627952978852196669e-03,2.935667624105210965e-03,1.968897152511717066e-03,4.771395805697084894e-03,1.683002260260357602e-03,7.811803920802513207e-04,1.498643165049516612e-03,1.591466467894152390e-03,3.207687875179255320e-03,1.068852561672681799e-02
1.156547710882239316e-03,8.841752123717551426e-03,6.421659923027343495e-03,5.834660169341613842e-03,4.244631942911677135e-04,2.639263722757177744e-02,9.364330725443355263e-04,4.474385868505852820e-02,1.388096279253264384e-02,4.143970197915554897e-03,1.171995777502449036e-03,2.523320096212284137e-03,1.322925719734286028e-03,1.976209334097527026e-03,7.272240604217918014e-03,3.625949673595127974e-04,1.053906270960390914e-03,5.534670644406496261e-03,1.696501073164031256e-03,3.772252567034500761e-04,1.898242069452924603e-03,2.489966282769869726e-03,3.516031228585204640e-05,1.347496426393739698e-02,7.040467253196746569e-05,8.710942677612094204e-03,1.184400359070976287e-02,5.145076653726381351e-03,5.422384453239914495e-04,9.339924836753387381e-04,9.050837027456221052e-04,6.179160760832088685e-03,8.994810773955076028e-03,1.040724152315393404e-03,6.976884833450601106e-03
5.932624238759034519e-04,2.473151665310299729e-03,7.074430988492726516e-03,3.131629834412187272e-03,1.808475618468675288e-03,1.089753624861045881e-03,8.490872306685006820e-04,2.846107406667203014e-03,2.738708362713780740e-03,3.693070315391632635e-03,1.796749772656805987e-03,1.684957673461035151e-03,3.335151988402723124e-03,1.470886447298902370e-03,4.388980669666323921e-03,2.413974183984166598e-03,8.253651502019023443e-04,1.328017689776924727e-03,2.344744125463401122e-04,1.851900384847645579e-03,1.249796992502149109e-03,9.491943914681902350e-03,4.260054367996152745e-04,4.298284214107213168e-03,2.172671067758063200e-03,4.939480021028069476e-03,8.182676147115708343e-05,3.123748405415159753e-03,4.527029304495637160e-03,4.060286931099351890e-03,3.064699084263330410e-04,9.265760867996549258e-03,6.462705978774002614e-04,6.398063984481727751e-03,2.229526477427406540e-03
1.300028768035952709e-03,6.714602495500981462e-03,4.041226915677734351e-03,5.100225718350281934e-03,5.776028009856350003e-03,1.231383512148666749e-03,1.518121096954459098e-03,5.186551126076640629e-03,5.052512040917354029e-03,6.273702770791765408e-03,1.295949157371124177e-03,3.122388578248353960e-03,1.960454201684860148e-03,2.284069162746248018e-03,4.646751402679276388e-03,4.364540177738213123e-03,8.215006477219396336e-04,9.473576722895228966e-04,1.462105241834028716e-03,5.621860073275621907e-03,4.761843230418545334e-03,1.755609171442422053e-02,6.530581455132715516e-04,3.327848989717083900e-03,3.535488594425718217e-04,1.741193668688675433e-03,5.004602774015686970e-03,7.434278127053063276e-03,4.695423852908109374e-03,6.190828807001180073e-03,1.069028132035561383e-03,2.299252224884240463e-03,1.075616873460151154e-03,2.130106481683165243e-02,7.329773835796939835e-03
1.023797265481861873e-03,7.772338754602089311e-03,6.061482127459564585e-03,1.632527427656940006e-02,9.332087552542413927e-03,2.935064106227181380e-03,8.748988312729918861e-04,5.967841619275587178e-03,7.833819979488431881e-03,6.450243407345923087e-03,5.117611462601721894e-03,1.313047451765673307e-02,1.117907930318839341e-03,2.104403751901698372e-03,9.663425053384210039e-03,4.305048638061209350e-04,9.462790569599740208e-04,1.167475276291552594e-02,1.350319314570531731e-03,3.636439881409552974e-03,1.536559915238676355e-03,1.182724386065980675e-02,1.934336906709748123e-03,7.761500038124067441e-03,2.632708941439208155e-04,2.749957431264922567e-03,4.292469668108950254e-03,3.678794851047993350e-03,5.884374523790715170e-04,1.359584790649475891e-02,4.496652840228002046e-04,1.532537257334566031e-03,5.142854520619828586e-04,6.473208376966942297e-03,1.162529312913145735e-03
7.971220524306184838e-04,9.107924806692916991e-04,1.481126152373573755e-03,8.406387051819642518e-04,3.499119317679470591e-03,4.119593684047133018e-04,2.068508610750154596e-03,8.802248920592958782e-04,1.403920242255635165e-03,1.835215044315908865e-03,1.393974978146718651e-03,1.269465016074795578e-03,3.907364480699393461e-03,2.178010800718127409e-03,1.269515751696318829e-03,1.853420140892675502e-03,3.419135123707074762e-03,3.848664179645360124e-03,7.063922950003609889e-03,6.059521492034697712e-04,1.163490393185008737e-03,5.663030255070804317e-05,1.937572573708638574e-03,1.717638713372872774e-03,5.062218563884826258e-03,1.922527815219018422e-03,1.095468839662921707e-03,5.423443428009614960e-04,6.094191352114776243e-03,2.713060571797716591e-03,5.933563214805508655e-03,6.152824767081960765e-03,8.825402299673384618e-03,1.201787346211805052e-03,1.105414687692571818e-03
3.473873107284937705e-04,3.013900646586540298e-03,2.457095535125481973e-03,4.215718526386649789e-03,1.996343428409978749e-03,3.536401473995718324e-04,9.291027792845053162e-04,2.030248243282337106e-03,2.503813043923964858e-03,1.870440670478448059e-03,7.719198712971082378e-03,5.659657807569936500e-04,1.542595605595687216e-04,1.252480655492520982e-03,1.319814593051665819e-05,8.703108135126003900e-04,2.281842341536491868e-03,7.269622927842857990e-03,1.477638941430856100e-03,2.452190894276229383e-04,1.513361713684769835e-02,1.044173831343412316e-02,1.094424249230207744e-04,2.010793397019361699e-03,1.817821172609136683e-03,3.614099830374508694e-03,1.713263771131283419e-04,1.412038698244116527e-02,2.899623906061376578e-03,4.561487683022641404e-03,1.984225200778035741e-03,9.809284490822295713e-05,7.188483893541895275e-04,2.161088599855635027e-03,4.284393317108399490e-03
5.657135844744962984e-03,2.297321244957158462e-03,1.069315925519357183e-02,1.361546572699488464e-02,2.483703138391944905e-03,1.037923144019681568e-02,2.731743052284892363e-04,5.365526952159550833e-02,2.556730462977191420e-03,2.923499255327553781e-04,3.068032913740175588e-03,1.802136519504236693e-03,1.640590305587961983e-03,5.036996028293374769e-04,2.149329143874068385e-02,2.705212408283293592e-04,8.375082975831246376e-05,6.092360648391157395e-03,1.069169816108663960e-03,2.104972226293379527e-04,1.608168735615115360e-03,6.507017027783719258e-03,1.670867161541904344e-03,3.838842795669390913e-03,1.439190913225086394e-03,6.006286300146253775e-03,2.592505471310339871e-03,5.182069181717022591e-03,3.242750498560689884e-04,2.629141746525408534e-04,6.901850086693342781e-03,3.376574692115047807e-03,9.546849080034943563e-04,9.717424525560207013e-04,1.431265965097134295e-03
