1.639468921327370543e-01,0.000000000000000000e+00,0.000000000000000000e+00,1.228614581093702418e-02,0.000000000000000000e+00,0.000000000000000000e+00,6.760371134473269587e-03,1.488887961348511930e-02,0.000000000000000000e+00,1.102836224102052287e-01,0.000000000000000000e+00,1.208917236899414906e-03,1.658602591286563732e-01,1.527068686953191035e-02,0.000000000000000000e+00,6.124098356273455961e-04,1.775774538149226811e-01,0.000000000000000000e+00,4.256474697486098413e-02,1.623105883180975305e-03,1.761585385735002854e-02,2.120865482544138925e-01,1.680026320900042044e-02,0.000000000000000000e+00,0.000000000000000000e+00,0.000000000000000000e+00,0.000000000000000000e+00,0.000000000000000000e+00,0.000000000000000000e+00
6.737073827567230389e-02,0.000000000000000000e+00,5.087294442333040179e-02,0.000000000000000000e+00,2.578737117328849110e-02,0.000000000000000000e+00,0.000000000000000000e+00,0.000000000000000000e+00,7.025051643232702037e-02,2.128614707198320799e-01,3.149637831052092430e-03,0.000000000000000000e+00,2.530161109502669925e-01,0.000000000000000000e+00,0.000000000000000000e+00,4.068119396437821188e-03,7.767172042688581801e-02,8.305129423508887665e-02,7.287371085592648373e-03,0.000000000000000000e+00,0.000000000000000000e+00,2.054888571858808771e-02,0.000000000000000000e+00,0.000000000000000000e+00,0.000000000000000000e+00,0.000000000000000000e+00,0.000000000000000000e+00,0.000000000000000000e+00,0.000000000000000000e+00
1.093012114789392863e-01,7.012981511655012358e-03,8.553450845246276385e-03,7.630018348603864655e-04,9.038289251053002737e-02,8.863899955149544263e-02,8.428880734158770982e-02,1.506548622252120717e-01,4.031126721999093304e-02,0.000000000000000000e+00,4.608652464778492663e-02,9.296822307138072339e-02,1.100404001438895496e-02,8.339134954012228373e-02,1.499857947984695739e-01,0.000000000000000000e+00,5.905052476747828759e-03,1.457024619026540957e-01,6.017768060438608707e-02,2.029748600997821339e-01,3.234522637237069453e-02,4.280587798058801269e-02,7.363185640271641130e-02,0.000000000000000000e+00,0.000000000000000000e+00,0.000000000000000000e+00,0.000000000000000000e+00,0.000000000000000000e+00,0.000000000000000000e+00
3.090338793962947670e-03,0.000000000000000000e+00,0.000000000000000000e+00,8.479235830695446355e-03,0.000000000000000000e+00,0.000000000000000000e+00,0.000000000000000000e+00,0.000000000000000000e+00,0.000000000000000000e+00,6.969244449042413803e-02,0.000000000000000000e+00,0.000000000000000000e+00,6.394267620032491849e-03,0.000000000000000000e+00,0.000000000000000000e+00,1.336471738260969211e-01,4.068409205623303992e-01,0.000000000000000000e+00,4.852384654493450966e-02,0.000000000000000000e+00,0.000000000000000000e+00,2.951025122701041517e-02,1.063979630785224090e-01,0.000000000000000000e+00,0.000000000000000000e+00,0.000000000000000000e+00,0.000000000000000000e+00,0.000000000000000000e+00,0.000000000000000000e+00
1.047310630525272734e-01,4.564189630868749321e-05,3.941377013927802042e-02,1.285962532217710849e-06,9.772531316107456456e-02,0.000000000000000000e+00,0.000000000000000000e+00,0.000000000000000000e+00,6.357324380124150520e-02,6.886469661892979932e-02,3.642574636451337278e-02,0.000000000000000000e+00,2.091270703125453767e-01,0.000000000000000000e+00,0.000000000000000000e+00,4.132670255978427437e-03,1.799109830647364558e-02,7.688936491829753694e-02,1.288981163617439751e-01,0.000000000000000000e+00,0.000000000000000000e+00,0.000000000000000000e+00,0.000000000000000000e+00,0.000000000000000000e+00,0.000000000000000000e+00,0.000000000000000000e+00,0.000000000000000000e+00,0.000000000000000000e+00,0.000000000000000000e+00
4.943777159955670348e-04,5.125147281409809380e-02,0.000000000000000000e+00,4.622245711381181045e-03,6.427697067558058031e-02,1.143698136547127292e-01,1.565079340567680222e-01,2.186067074372229635e-01,4.764110391411154749e-02,0.000000000000000000e+00,1.441647435034064742e-02,1.264940792564603622e-01,0.000000000000000000e+00,1.424330981380907413e-01,7.619920723474091218e-02,0.000000000000000000e+00,0.000000000000000000e+00,1.411727100062815099e-01,1.644539282890561437e-03,2.007173469823470280e-01,3.474940167815703668e-02,0.000000000000000000e+00,7.870743200491074620e-03,3.467446581544865458e-02,1.108338429689799051e-02,0.000000000000000000e+00,0.000000000000000000e+00,0.000000000000000000e+00,0.000000000000000000e+00
1.215680161071259341e-02,6.106809132975807384e-04,0.000000000000000000e+00,6.659933596716518037e-03,0.000000000000000000e+00,0.000000000000000000e+00,0.000000000000000000e+00,0.000000000000000000e+00,0.000000000000000000e+00,5.496495946315803349e-02,0.000000000000000000e+00,0.000000000000000000e+00,1.540149788879330295e-02,1.516657977725313503e-03,0.000000000000000000e+00,0.000000000000000000e+00,1.572806362870299290e-01,0.000000000000000000e+00,3.057847030763873042e-02,0.000000000000000000e+00,7.102652604559172786e-03,5.840950042692018285e-02,2.153928020772034185e-02,2.317786183095820688e-03,7.408597185621087567e-04,0.000000000000000000e+00,0.000000000000000000e+00,0.000000000000000000e+00,0.000000000000000000e+00
0.000000000000000000e+00,0.000000000000000000e+00,0.000000000000000000e+00,1.361183411178605064e-02,0.000000000000000000e+00,3.311976957011074883e-04,0.000000000000000000e+00,1.578474095855151573e-03,0.000000000000000000e+00,2.081071247842407046e-01,0.000000000000000000e+00,0.000000000000000000e+00,5.315146018639303749e-02,1.014828970331599963e-03,0.000000000000000000e+00,7.449479550725213867e-03,8.037342652972030710e-02,0.000000000000000000e+00,0.000000000000000000e+00,1.521109491002837436e-03,0.000000000000000000e+00,7.342524829145197218e-02,0.000000000000000000e+00,0.000000000000000000e+00,0.000000000000000000e+00,0.000000000000000000e+00,0.000000000000000000e+00,0.000000000000000000e+00,0.000000000000000000e+00
2.689137754497023317e-03,3.064077653628631825e-01,5.357008081065376542e-02,8.445489768520171581e-02,5.799341954710759278e-02,1.871642986801179062e-02,1.519992105942841454e-01,0.000000000000000000e+00,1.415312941035928862e-01,2.345243680379486412e-02,1.202858832022021263e-01,2.713378835862502707e-03,7.255740890104598641e-03,0.000000000000000000e+00,7.098186785523240457e-03,1.516391827380024135e-02,4.643101463200413094e-03,0.000000000000000000e+00,1.363354421920117965e-01,7.805627665413274185e-02,2.334023715403769818e-03,2.088559550772080622e-02,2.719099384969545386e-03,9.404294662337160660e-02,3.005999063942751959e-02,0.000000000000000000e+00,0.000000000000000000e+00,0.000000000000000000e+00,0.000000000000000000e+00
2.633615871769971924e-03,1.570979404552153014e-02,2.293070485914803225e-01,7.611405991200778480e-03,1.806183757878732261e-03,0.000000000000000000e+00,0.000000000000000000e+00,5.242502578789838552e-03,4.798003679033624458e-02,0.000000000000000000e+00,3.187492798491066231e-04,2.257618909782462269e-01,0.000000000000000000e+00,0.000000000000000000e+00,1.627984968301090726e-02,0.000000000000000000e+00,0.000000000000000000e+00,1.145824917878061899e-02,4.629422935486833535e-02,0.000000000000000000e+00,5.087760638746112842e-04,8.390108391854279868e-02,5.479413276990506565e-02,0.000000000000000000e+00,0.000000000000000000e+00,0.000000000000000000e+00,0.000000000000000000e+00,0.000000000000000000e+00,0.000000000000000000e+00
0.000000000000000000e+00,1.053032761270174776e-02,0.000000000000000000e+00,9.451532193089492648e-03,6.839462253916371581e-02,1.150335939439298127e-01,7.978534285013909322e-02,1.668855806521865881e-01,5.066405133920044712e-02,0.000000000000000000e+00,1.420256909120023309e-02,1.022304706284488385e-01,0.000000000000000000e+00,9.487495977268368963e-02,1.032127050865581097e-01,0.000000000000000000e+00,0.000000000000000000e+00,1.359229909875899756e-01,2.555068706831446421e-03,2.053137593189423848e-01,1.689990979755293110e-02,0.000000000000000000e+00,1.561322236817134709e-02,0.000000000000000000e+00,0.000000000000000000e+00,0.000000000000000000e+00,0.000000000000000000e+00,0.000000000000000000e+00,0.000000000000000000e+00
6.747842636263790342e-03,1.477632023362978470e-02,0.000000000000000000e+00,0.000000000000000000e+00,0.000000000000000000e+00,7.769765434097680723e-02,9.233171970575699758e-03,3.466477682127045573e-02,0.000000000000000000e+00,1.024252680674311335e-02,1.208688239275952647e-02,1.173423237061092458e-02,0.000000000000000000e+00,1.102748470800915398e-01,1.353257830446154275e-01,0.000000000000000000e+00,3.252631526017182167e-02,4.142763256830404861e-02,0.000000000000000000e+00,5.582756212571399201e-03,1.564962154506972791e-01,1.571310492123982605e-02,5.321382192232515518e-02,1.704040191909923230e-01,5.446812765572322385e-02,0.000000000000000000e+00,0.000000000000000000e+00,0.000000000000000000e+00,0.000000000000000000e+00
3.080408552141885789e-02,2.728415419165376721e-02,0.000000000000000000e+00,0.000000000000000000e+00,0.000000000000000000e+00,3.758507277872561673e-03,1.474523159954908291e-01,1.564313872995147514e-02,5.954990951858368450e-04,1.219067754300882413e-02,4.108095215537355127e-02,3.723289207371444087e-02,3.431346162423264991e-03,9.264844282674147835e-02,2.826983692078929682e-03,0.000000000000000000e+00,8.386150817096671775e-03,4.945879762452896206e-03,7.940700975640393317e-03,0.000000000000000000e+00,1.382795065288478474e-02,2.536513899317584600e-02,1.007843206381201125e-02,3.874660709540442283e-01,1.238500800343875635e-01,0.000000000000000000e+00,0.000000000000000000e+00,0.000000000000000000e+00,0.000000000000000000e+00
0.000000000000000000e+00,0.000000000000000000e+00,0.000000000000000000e+00,0.000000000000000000e+00,0.000000000000000000e+00,0.000000000000000000e+00,0.000000000000000000e+00,0.000000000000000000e+00,0.000000000000000000e+00,1.612159636677633623e-01,0.000000000000000000e+00,1.299055376900086847e-04,4.762384518284488305e-02,0.000000000000000000e+00,0.000000000000000000e+00,7.129496561010933975e-05,4.832043194386849427e-02,0.000000000000000000e+00,0.000000000000000000e+00,0.000000000000000000e+00,0.000000000000000000e+00,5.335890521742848308e-02,0.000000000000000000e+00,0.000000000000000000e+00,0.000000000000000000e+00,0.000000000000000000e+00,0.000000000000000000e+00,0.000000000000000000e+00,0.000000000000000000e+00
8.171560334259143606e-04,3.253482226099198016e-01,5.317072960539320770e-02,9.308637836278249589e-03,1.996658449576919209e-03,1.203022679353199509e-02,1.759040662194939764e-01,1.856256410325423864e-02,1.422751939926699960e-01,0.000000000000000000e+00,7.083671900886791273e-02,2.523434272418038395e-03,0.000000000000000000e+00,1.200629991095634314e-02,0.000000000000000000e+00,4.175206542213526564e-03,0.000000000000000000e+00,1.863015365829303032e-03,2.284387419998938108e-03,7.526412406138559275e-02,1.366207461943429353e-02,0.000000000000000000e+00,1.143175514847597461e-03,1.826746386108959452e-01,5.839032191000676636e-02,0.000000000000000000e+00,0.000000000000000000e+00,0.000000000000000000e+00,0.000000000000000000e+00
8.014517160700124210e-02,0.000000000000000000e+00,3.166870519485720514e-02,5.761028644001251267e-03,4.074330678294241226e-02,0.000000000000000000e+00,0.000000000000000000e+00,0.000000000000000000e+00,7.394020457025572701e-02,5.551580318660465606e-03,5.875623572563578104e-03,0.000000000000000000e+00,1.792657687303511882e-01,0.000000000000000000e+00,0.000000000000000000e+00,5.057127097709032508e-03,1.328403137544449837e-02,8.617683315821259016e-02,2.764858830897300862e-02,0.000000000000000000e+00,0.000000000000000000e+00,0.000000000000000000e+00,0.000000000000000000e+00,0.000000000000000000e+00,0.000000000000000000e+00,0.000000000000000000e+00,0.000000000000000000e+00,0.000000000000000000e+00,0.000000000000000000e+00
1.670055922446346888e-02,5.632590436383119129e-04,2.174554216582425814e-01,0.000000000000000000e+00,0.000000000000000000e+00,0.000000000000000000e+00,0.000000000000000000e+00,2.318675547026445485e-03,0.000000000000000000e+00,0.000000000000000000e+00,3.671415687881893729e-04,1.741166589554626887e-01,0.000000000000000000e+00,0.000000000000000000e+00,3.341862738045488224e-02,1.502170289635561999e-03,0.000000000000000000e+00,0.000000000000000000e+00,2.980306428139274308e-02,6.876463459593774689e-03,0.000000000000000000e+00,6.394049744256825873e-02,3.596110364872345810e-02,0.000000000000000000e+00,0.000000000000000000e+00,0.000000000000000000e+00,0.000000000000000000e+00,0.000000000000000000e+00,0.000000000000000000e+00
1.875497965410942089e-02,0.000000000000000000e+00,0.000000000000000000e+00,0.000000000000000000e+00,0.000000000000000000e+00,0.000000000000000000e+00,0.000000000000000000e+00,3.958886958642014731e-02,0.000000000000000000e+00,0.000000000000000000e+00,3.871369015214570775e-02,7.961875993627347270e-02,0.000000000000000000e+00,9.652262220792433289e-02,0.000000000000000000e+00,0.000000000000000000e+00,0.000000000000000000e+00,4.222070841722597861e-02,0.000000000000000000e+00,0.000000000000000000e+00,1.896545674095568290e-01,0.000000000000000000e+00,0.000000000000000000e+00,3.264009447050787022e-02,1.043311560815704531e-02,0.000000000000000000e+00,0.000000000000000000e+00,0.000000000000000000e+00,0.000000000000000000e+00
0.000000000000000000e+00,0.000000000000000000e+00,0.000000000000000000e+00,6.911540516084929871e-03,0.000000000000000000e+00,0.000000000000000000e+00,0.000000000000000000e+00,0.000000000000000000e+00,0.000000000000000000e+00,0.000000000000000000e+00,0.000000000000000000e+00,1.668103445317748108e-04,1.822851229312055571e-03,0.000000000000000000e+00,0.000000000000000000e+00,1.809377456072214230e-01,2.091467101902455550e-01,0.000000000000000000e+00,0.000000000000000000e+00,0.000000000000000000e+00,0.000000000000000000e+00,0.000000000000000000e+00,6.105603004340120349e-02,0.000000000000000000e+00,0.000000000000000000e+00,0.000000000000000000e+00,0.000000000000000000e+00,0.000000000000000000e+00,0.000000000000000000e+00
1.363452450181059927e-01,0.000000000000000000e+00,1.046617808352771732e-02,0.000000000000000000e+00,0.000000000000000000e+00,0.000000000000000000e+00,0.000000000000000000e+00,0.000000000000000000e+00,0.000000000000000000e+00,0.000000000000000000e+00,0.000000000000000000e+00,0.000000000000000000e+00,1.744515608650785976e-02,0.000000000000000000e+00,1.402458450479451488e-02,1.898384141521113760e-04,1.663634107739437110e-02,0.000000000000000000e+00,7.621643701581982955e-02,0.000000000000000000e+00,2.216006904139323976e-04,4.327386978479857982e-02,2.710208075587782622e-02,0.000000000000000000e+00,0.000000000000000000e+00,0.000000000000000000e+00,0.000000000000000000e+00,0.000000000000000000e+00,0.000000000000000000e+00
1.624077288174681196e-03,2.994351182101118169e-01,5.245367721792117133e-02,1.830706683885404557e-02,1.128266699166298286e-02,3.074865567517249404e-02,1.375361377664560403e-01,4.585776464223495323e-03,1.456012391818163054e-01,0.000000000000000000e+00,4.861049609207959699e-02,1.067591920530689331e-03,0.000000000000000000e+00,0.000000000000000000e+00,9.534274855372672566e-03,1.944542173181081947e-03,0.000000000000000000e+00,0.000000000000000000e+00,1.262895628078444105e-02,8.096021898859670496e-02,2.668075241439105041e-03,0.000000000000000000e+00,3.687647368174187378e-03,4.933147489860421203e-02,1.576836676141185264e-02,0.000000000000000000e+00,0.000000000000000000e+00,0.000000000000000000e+00,0.000000000000000000e+00
0.000000000000000000e+00,0.000000000000000000e+00,0.000000000000000000e+00,9.940891707166820204e-03,0.000000000000000000e+00,0.000000000000000000e+00,0.000000000000000000e+00,0.000000000000000000e+00,0.000000000000000000e+00,4.806692681027868209e-03,0.000000000000000000e+00,0.000000000000000000e+00,1.514437734159479465e-02,0.000000000000000000e+00,0.000000000000000000e+00,4.316293963563787479e-03,8.877291792208226451e-02,2.710628560258682737e-04,7.104521999603525748e-03,0.000000000000000000e+00,0.000000000000000000e+00,5.548924534704199538e-03,3.273740495804162987e-02,0.000000000000000000e+00,0.000000000000000000e+00,0.000000000000000000e+00,0.000000000000000000e+00,0.000000000000000000e+00,0.000000000000000000e+00
4.413350379539778684e-02,0.000000000000000000e+00,0.000000000000000000e+00,0.000000000000000000e+00,0.000000000000000000e+00,9.104802382917899159e-04,1.130900788633541938e-02,1.185887893266844920e-02,0.000000000000000000e+00,0.000000000000000000e+00,5.018593668784025567e-03,1.658071660737772549e-03,0.000000000000000000e+00,1.713249916291632868e-02,1.616479474933738860e-05,2.085027797060282615e-04,7.444465837878094794e-02,2.621781666768260941e-03,7.389547251517732639e-03,0.000000000000000000e+00,1.869112075251351621e-03,6.221004079233660722e-02,3.577168112243937076e-02,5.496852630311363855e-03,1.757020005713872931e-03,0.000000000000000000e+00,0.000000000000000000e+00,0.000000000000000000e+00,0.000000000000000000e+00
0.000000000000000000e+00,0.000000000000000000e+00,0.000000000000000000e+00,0.000000000000000000e+00,0.000000000000000000e+00,1.316933047474536838e-03,0.000000000000000000e+00,1.528933245167996263e-03,0.000000000000000000e+00,1.220926272470718998e-01,0.000000000000000000e+00,1.971039842559280759e-04,3.584656174841936715e-02,7.685872464010315690e-04,0.000000000000000000e+00,5.725432192866601946e-03,4.251446688969978162e-03,0.000000000000000000e+00,0.000000000000000000e+00,2.752077610757915505e-03,0.000000000000000000e+00,7.831117411856829136e-02,3.711701135940940772e-04,0.000000000000000000e+00,0.000000000000000000e+00,0.000000000000000000e+00,0.000000000000000000e+00,0.000000000000000000e+00,0.000000000000000000e+00
0.000000000000000000e+00,0.000000000000000000e+00,0.000000000000000000e+00,1.773538898375703193e-02,0.000000000000000000e+00,0.000000000000000000e+00,0.000000000000000000e+00,0.000000000000000000e+00,0.000000000000000000e+00,6.078093087168208453e-02,3.737257495863229289e-03,0.000000000000000000e+00,9.971284373200767562e-03,0.000000000000000000e+00,0.000000000000000000e+00,4.037863061133848026e-03,7.001960796563928835e-02,0.000000000000000000e+00,0.000000000000000000e+00,0.000000000000000000e+00,1.982385458738322205e-03,0.000000000000000000e+00,0.000000000000000000e+00,0.000000000000000000e+00,0.000000000000000000e+00,0.000000000000000000e+00,0.000000000000000000e+00,0.000000000000000000e+00,0.000000000000000000e+00
0.000000000000000000e+00,4.845943374021285423e-03,1.125140435583275866e-01,0.000000000000000000e+00,0.000000000000000000e+00,0.000000000000000000e+00,1.126159998992027483e-02,0.000000000000000000e+00,2.435075862540162644e-03,0.000000000000000000e+00,0.000000000000000000e+00,1.817057451006292568e-01,0.000000000000000000e+00,0.000000000000000000e+00,0.000000000000000000e+00,8.494231976159633685e-03,4.428138377950721800e-03,0.000000000000000000e+00,0.000000000000000000e+00,0.000000000000000000e+00,0.000000000000000000e+00,5.667483855781320357e-02,1.156612649595198383e-01,0.000000000000000000e+00,0.000000000000000000e+00,0.000000000000000000e+00,0.000000000000000000e+00,0.000000000000000000e+00,0.000000000000000000e+00
1.264066153653796432e-01,0.000000000000000000e+00,1.486082939038174330e-02,0.000000000000000000e+00,0.000000000000000000e+00,0.000000000000000000e+00,0.000000000000000000e+00,0.000000000000000000e+00,0.000000000000000000e+00,0.000000000000000000e+00,0.000000000000000000e+00,0.000000000000000000e+00,9.038535989089303835e-03,0.000000000000000000e+00,1.513483627075219023e-02,6.855004259621728241e-03,7.640510273385157057e-03,0.000000000000000000e+00,6.795655446117963849e-02,0.000000000000000000e+00,0.000000000000000000e+00,2.678155526027329106e-02,2.186279651240032734e-02,0.000000000000000000e+00,0.000000000000000000e+00,0.000000000000000000e+00,0.000000000000000000e+00,0.000000000000000000e+00,0.000000000000000000e+00
0.000000000000000000e+00,1.289114347175161074e-02,8.783243182162105145e-02,0.000000000000000000e+00,0.000000000000000000e+00,0.000000000000000000e+00,0.000000000000000000e+00,0.000000000000000000e+00,2.517006936079979064e-04,0.000000000000000000e+00,0.000000000000000000e+00,1.229896071425052168e-01,0.000000000000000000e+00,0.000000000000000000e+00,0.000000000000000000e+00,0.000000000000000000e+00,0.000000000000000000e+00,0.000000000000000000e+00,0.000000000000000000e+00,0.000000000000000000e+00,1.155252709050905071e-03,5.805128067821675036e-02,5.426640339467785762e-02,0.000000000000000000e+00,0.000000000000000000e+00,0.000000000000000000e+00,0.000000000000000000e+00,0.000000000000000000e+00,0.000000000000000000e+00
1.322896548606532566e-02,2.609851870998472836e-03,0.000000000000000000e+00,0.000000000000000000e+00,0.000000000000000000e+00,0.000000000000000000e+00,0.000000000000000000e+00,6.443982543390108092e-03,0.000000000000000000e+00,1.542017611734883146e-03,2.391065408024576310e-03,3.112935691356047418e-02,0.000000000000000000e+00,5.100065866503188799e-02,0.000000000000000000e+00,0.000000000000000000e+00,1.819314836954533457e-02,1.951106513969350434e-02,5.071484038316146498e-03,0.000000000000000000e+00,1.356672234379055486e-01,1.059282464849591477e-03,2.347567850335956913e-02,5.095105264850517679e-02,1.628605037033574801e-02,0.000000000000000000e+00,0.000000000000000000e+00,0.000000000000000000e+00,0.000000000000000000e+00
1.685109306518266584e-02,1.559536698774601588e-03,1.371219922531906896e-03,0.000000000000000000e+00,3.975954996369415739e-02,5.386967459331424912e-05,7.843195383058615064e-03,0.000000000000000000e+00,0.000000000000000000e+00,3.447909089386470144e-02,2.684764529261195534e-02,0.000000000000000000e+00,0.000000000000000000e+00,0.000000000000000000e+00,0.000000000000000000e+00,0.000000000000000000e+00,6.062453520681930497e-03,0.000000000000000000e+00,1.054474842014241631e-01,1.279973362245337073e-02,0.000000000000000000e+00,3.402026176934987156e-02,0.000000000000000000e+00,1.312013333897161767e-03,4.193733815436444007e-04,0.000000000000000000e+00,0.000000000000000000e+00,0.000000000000000000e+00,0.000000000000000000e+00
0.000000000000000000e+00,0.000000000000000000e+00,0.000000000000000000e+00,0.000000000000000000e+00,0.000000000000000000e+00,0.000000000000000000e+00,0.000000000000000000e+00,0.000000000000000000e+00,0.000000000000000000e+00,9.715202392858968139e-02,0.000000000000000000e+00,7.890337440167598422e-04,3.033114278261349675e-02,0.000000000000000000e+00,0.000000000000000000e+00,2.852487246355250774e-03,0.000000000000000000e+00,0.000000000000000000e+00,0.000000000000000000e+00,0.000000000000000000e+00,0.000000000000000000e+00,6.422228865579092394e-02,0.000000000000000000e+00,0.000000000000000000e+00,0.000000000000000000e+00,0.000000000000000000e+00,0.000000000000000000e+00,0.000000000000000000e+00,0.000000000000000000e+00
0.000000000000000000e+00,5.060884610541232023e-03,6.780718826393079823e-02,0.000000000000000000e+00,0.000000000000000000e+00,0.000000000000000000e+00,0.000000000000000000e+00,0.000000000000000000e+00,0.000000000000000000e+00,0.000000000000000000e+00,0.000000000000000000e+00,1.014636648221719922e-01,0.000000000000000000e+00,0.000000000000000000e+00,0.000000000000000000e+00,1.891924384077721356e-03,0.000000000000000000e+00,0.000000000000000000e+00,0.000000000000000000e+00,0.000000000000000000e+00,0.000000000000000000e+00,5.441188259209640138e-02,3.743460865616916183e-02,0.000000000000000000e+00,0.000000000000000000e+00,0.000000000000000000e+00,0.000000000000000000e+00,0.000000000000000000e+00,0.000000000000000000e+00
1.635060476994440112e-02,0.000000000000000000e+00,0.000000000000000000e+00,0.000000000000000000e+00,0.000000000000000000e+00,0.000000000000000000e+00,0.000000000000000000e+00,8.577988355508762985e-03,0.000000000000000000e+00,0.000000000000000000e+00,6.639874280043397969e-02,1.934212722550678401e-02,0.000000000000000000e+00,3.047902494121589381e-02,0.000000000000000000e+00,0.000000000000000000e+00,1.591925437845060146e-02,0.000000000000000000e+00,0.000000000000000000e+00,2.028276724868579087e-03,1.741736598487280893e-02,4.093559695177250574e-02,9.512059279736306610e-04,0.000000000000000000e+00,0.000000000000000000e+00,0.000000000000000000e+00,0.000000000000000000e+00,0.000000000000000000e+00,0.000000000000000000e+00
1.613278116230812062e-02,0.000000000000000000e+00,0.000000000000000000e+00,4.652860968586762860e-03,0.000000000000000000e+00,0.000000000000000000e+00,0.000000000000000000e+00,1.959214937904346556e-03,0.000000000000000000e+00,0.000000000000000000e+00,0.000000000000000000e+00,5.878910176530782392e-03,5.213112902646141467e-02,0.000000000000000000e+00,0.000000000000000000e+00,4.145379801173474169e-03,1.902402848401885810e-02,7.265313714756818642e-03,0.000000000000000000e+00,0.000000000000000000e+00,9.228439343197038236e-03,1.046699371026557635e-02,4.446747634688948125e-03,0.000000000000000000e+00,0.000000000000000000e+00,0.000000000000000000e+00,0.000000000000000000e+00,0.000000000000000000e+00,0.000000000000000000e+00
1.095535890658581174e-02,6.280783770120307655e-04,0.000000000000000000e+00,0.000000000000000000e+00,0.000000000000000000e+00,0.000000000000000000e+00,0.000000000000000000e+00,1.501781541665788821e-03,0.000000000000000000e+00,1.725595475859254468e-03,2.630885123796438720e-03,2.324320511620219659e-02,0.000000000000000000e+00,2.363062889682126036e-02,8.440356696299508923e-03,8.179222371396084124e-04,1.047365264597122092e-02,1.705114771051022618e-02,3.116381652790133246e-03,7.531193783630775603e-05,1.231225787414191031e-01,2.052100114315626254e-03,2.138952811488034969e-02,4.732092294597689541e-02,1.512571172936428079e-02,0.000000000000000000e+00,0.000000000000000000e+00,0.000000000000000000e+00,0.000000000000000000e+00
6.242285680752108525e-03,3.754832993225061706e-03,0.000000000000000000e+00,0.000000000000000000e+00,0.000000000000000000e+00,0.000000000000000000e+00,0.000000000000000000e+00,0.000000000000000000e+00,0.000000000000000000e+00,0.000000000000000000e+00,0.000000000000000000e+00,0.000000000000000000e+00,0.000000000000000000e+00,0.000000000000000000e+00,0.000000000000000000e+00,3.162512130199481106e-03,5.655588452104345215e-02,0.000000000000000000e+00,7.870944878414692925e-03,0.000000000000000000e+00,0.000000000000000000e+00,2.513939360554525576e-02,2.704875688625802202e-02,3.444423278040368783e-03,1.100979235697933586e-03,0.000000000000000000e+00,0.000000000000000000e+00,0.000000000000000000e+00,0.000000000000000000e+00
0.000000000000000000e+00,0.000000000000000000e+00,0.000000000000000000e+00,0.000000000000000000e+00,0.000000000000000000e+00,0.000000000000000000e+00,0.000000000000000000e+00,0.000000000000000000e+00,0.000000000000000000e+00,0.000000000000000000e+00,0.000000000000000000e+00,0.000000000000000000e+00,0.000000000000000000e+00,0.000000000000000000e+00,0.000000000000000000e+00,1.829644864405514104e-01,9.800252511832099889e-02,0.000000000000000000e+00,0.000000000000000000e+00,0.000000000000000000e+00,0.000000000000000000e+00,0.000000000000000000e+00,1.912538306120149453e-02,0.000000000000000000e+00,0.000000000000000000e+00,0.000000000000000000e+00,0.000000000000000000e+00,0.000000000000000000e+00,0.000000000000000000e+00
0.000000000000000000e+00,0.000000000000000000e+00,0.000000000000000000e+00,0.000000000000000000e+00,0.000000000000000000e+00,0.000000000000000000e+00,0.000000000000000000e+00,0.000000000000000000e+00,0.000000000000000000e+00,4.030602192941613177e-02,0.000000000000000000e+00,0.000000000000000000e+00,7.552241380491414753e-03,0.000000000000000000e+00,2.324471574832626152e-04,0.000000000000000000e+00,4.942333011712909258e-02,0.000000000000000000e+00,0.000000000000000000e+00,0.000000000000000000e+00,2.735970865737204910e-03,0.000000000000000000e+00,0.000000000000000000e+00,0.000000000000000000e+00,0.000000000000000000e+00,0.000000000000000000e+00,0.000000000000000000e+00,0.000000000000000000e+00,0.000000000000000000e+00
2.559576828306166750e-03,0.000000000000000000e+00,0.000000000000000000e+00,0.000000000000000000e+00,0.000000000000000000e+00,2.920608233614622670e-02,0.000000000000000000e+00,0.000000000000000000e+00,4.000165628046377028e-03,0.000000000000000000e+00,4.109902881276462916e-02,8.091176014343460718e-03,0.000000000000000000e+00,7.075320299799721380e-02,5.675942094974331664e-02,0.000000000000000000e+00,1.115010231579451234e-02,0.000000000000000000e+00,0.000000000000000000e+00,0.000000000000000000e+00,2.654077067492156133e-02,2.499581193051410299e-02,1.271668254304835974e-02,8.842712491949154124e-03,2.826494322852661414e-03,0.000000000000000000e+00,0.000000000000000000e+00,0.000000000000000000e+00,0.000000000000000000e+00
6.382043615042838278e-03,0.000000000000000000e+00,0.000000000000000000e+00,2.083674514937329091e-03,3.982375350579556855e-02,0.000000000000000000e+00,4.198952839506404217e-03,0.000000000000000000e+00,0.000000000000000000e+00,2.747455315913016269e-02,1.750903669925165176e-02,0.000000000000000000e+00,0.000000000000000000e+00,1.469732318671728520e-05,1.557566935386318289e-04,4.829999150507836955e-04,2.842135656434690866e-03,0.000000000000000000e+00,9.684568151831364491e-02,2.119773602050378791e-02,0.000000000000000000e+00,1.801503024552635751e-02,1.036441389623427576e-04,0.000000000000000000e+00,0.000000000000000000e+00,0.000000000000000000e+00,0.000000000000000000e+00,0.000000000000000000e+00,0.000000000000000000e+00
0.000000000000000000e+00,0.000000000000000000e+00,5.631545073437343833e-03,1.365913571461150056e-01,0.000000000000000000e+00,0.000000000000000000e+00,0.000000000000000000e+00,0.000000000000000000e+00,0.000000000000000000e+00,1.503677375022798371e-02,4.292583803919373941e-02,0.000000000000000000e+00,9.959134290254169353e-02,0.000000000000000000e+00,7.943394786954915618e-03,4.204721689409305491e-03,0.000000000000000000e+00,0.000000000000000000e+00,6.170135074186831881e-02,0.000000000000000000e+00,0.000000000000000000e+00,3.792965745499738035e-03,0.000000000000000000e+00,2.441715831021425837e-02,7.804727271953367830e-03,0.000000000000000000e+00,0.000000000000000000e+00,0.000000000000000000e+00,0.000000000000000000e+00
4.202567809855180941e-02,0.000000000000000000e+00,1.203099555020965966e-01,1.419785947415559864e-04,2.684241111178657831e-03,0.000000000000000000e+00,0.000000000000000000e+00,1.255139943144682095e-03,0.000000000000000000e+00,0.000000000000000000e+00,0.000000000000000000e+00,6.941144585327745087e-02,0.000000000000000000e+00,0.000000000000000000e+00,3.155404554377722742e-02,0.000000000000000000e+00,0.000000000000000000e+00,0.000000000000000000e+00,3.066522001323874688e-02,1.002447679677927021e-02,0.000000000000000000e+00,0.000000000000000000e+00,0.000000000000000000e+00,0.000000000000000000e+00,0.000000000000000000e+00,0.000000000000000000e+00,0.000000000000000000e+00,0.000000000000000000e+00,0.000000000000000000e+00
0.000000000000000000e+00,0.000000000000000000e+00,4.901966662967147765e-04,0.000000000000000000e+00,0.000000000000000000e+00,0.000000000000000000e+00,0.000000000000000000e+00,0.000000000000000000e+00,0.000000000000000000e+00,0.000000000000000000e+00,0.000000000000000000e+00,3.682376070227832672e-04,0.000000000000000000e+00,0.000000000000000000e+00,0.000000000000000000e+00,1.268227124017973911e-02,5.128697658467653436e-02,4.927563814820592764e-04,1.019811687651272754e-03,0.000000000000000000e+00,0.000000000000000000e+00,0.000000000000000000e+00,1.951750544701372214e-02,0.000000000000000000e+00,0.000000000000000000e+00,0.000000000000000000e+00,0.000000000000000000e+00,0.000000000000000000e+00,0.000000000000000000e+00
0.000000000000000000e+00,0.000000000000000000e+00,0.000000000000000000e+00,1.980860499254504525e-01,0.000000000000000000e+00,0.000000000000000000e+00,0.000000000000000000e+00,0.000000000000000000e+00,0.000000000000000000e+00,0.000000000000000000e+00,8.729955306286124594e-02,0.000000000000000000e+00,7.321611846812621505e-02,0.000000000000000000e+00,0.000000000000000000e+00,2.712767491569655683e-03,0.000000000000000000e+00,0.000000000000000000e+00,7.422858890099899576e-02,0.000000000000000000e+00,0.000000000000000000e+00,0.000000000000000000e+00,0.000000000000000000e+00,1.286227444466879200e-01,4.111311515545113676e-02,0.000000000000000000e+00,0.000000000000000000e+00,0.000000000000000000e+00,0.000000000000000000e+00
1.027176997974067404e-02,0.000000000000000000e+00,0.000000000000000000e+00,0.000000000000000000e+00,0.000000000000000000e+00,0.000000000000000000e+00,1.214280184836524215e-03,0.000000000000000000e+00,1.070034922692419737e-03,3.919450146062693728e-03,0.000000000000000000e+00,0.000000000000000000e+00,0.000000000000000000e+00,2.038597455144622143e-03,0.000000000000000000e+00,0.000000000000000000e+00,2.999034988690237394e-02,5.021792763597019999e-04,2.248483666623142876e-02,0.000000000000000000e+00,1.279142859876200447e-03,2.726790398690027983e-02,2.537355475725549050e-02,0.000000000000000000e+00,0.000000000000000000e+00,0.000000000000000000e+00,0.000000000000000000e+00,0.000000000000000000e+00,0.000000000000000000e+00
1.221131112605736424e-01,0.000000000000000000e+00,2.090762676097045886e-02,2.265568937557079637e-03,0.000000000000000000e+00,0.000000000000000000e+00,0.000000000000000000e+00,0.000000000000000000e+00,0.000000000000000000e+00,0.000000000000000000e+00,5.317532179486205227e-03,0.000000000000000000e+00,1.226921324643861708e-02,0.000000000000000000e+00,1.581851310788749340e-02,0.000000000000000000e+00,0.000000000000000000e+00,0.000000000000000000e+00,3.680296422767497660e-02,0.000000000000000000e+00,0.000000000000000000e+00,0.000000000000000000e+00,0.000000000000000000e+00,0.000000000000000000e+00,0.000000000000000000e+00,0.000000000000000000e+00,0.000000000000000000e+00,0.000000000000000000e+00,0.000000000000000000e+00
6.337363156553099848e-03,1.967720390949461232e-02,0.000000000000000000e+00,0.000000000000000000e+00,0.000000000000000000e+00,0.000000000000000000e+00,9.004496818246573997e-02,1.593447456274894522e-02,0.000000000000000000e+00,7.503479309921652976e-03,5.897066157606926061e-03,2.512883593030202159e-02,4.039827674231511075e-03,2.249704890625922604e-02,0.000000000000000000e+00,0.000000000000000000e+00,0.000000000000000000e+00,2.180017642467912443e-03,0.000000000000000000e+00,4.490122650757074133e-03,1.755049191050168586e-02,0.000000000000000000e+00,0.000000000000000000e+00,4.534393903770068263e-02,1.449378642384239156e-02,0.000000000000000000e+00,0.000000000000000000e+00,0.000000000000000000e+00,0.000000000000000000e+00
2.697633638946227846e-02,0.000000000000000000e+00,0.000000000000000000e+00,0.000000000000000000e+00,0.000000000000000000e+00,0.000000000000000000e+00,0.000000000000000000e+00,3.880088446296701271e-02,0.000000000000000000e+00,0.000000000000000000e+00,0.000000000000000000e+00,3.113677519559725562e-02,0.000000000000000000e+00,3.178946095050199511e-02,0.000000000000000000e+00,1.135084381087203423e-03,4.296125410643770104e-04,1.887926916548980649e-02,0.000000000000000000e+00,0.000000000000000000e+00,3.390534515760771500e-02,8.020423459473796299e-03,2.349911587653620744e-03,0.000000000000000000e+00,0.000000000000000000e+00,0.000000000000000000e+00,0.000000000000000000e+00,0.000000000000000000e+00,0.000000000000000000e+00
6.939247236521475098e-03,1.603211074225814603e-02,0.000000000000000000e+00,8.136356201831425675e-03,0.000000000000000000e+00,0.000000000000000000e+00,2.853672216972390555e-02,0.000000000000000000e+00,0.000000000000000000e+00,7.047202385568621975e-03,3.383137522057087787e-02,5.022324656702566344e-03,2.912100227374996800e-03,0.000000000000000000e+00,0.000000000000000000e+00,0.000000000000000000e+00,4.689333833880733409e-04,4.800153252627472147e-04,5.240343090957065401e-04,0.000000000000000000e+00,0.000000000000000000e+00,1.195198423737134710e-02,2.885298803675715937e-03,2.004638600469604293e-01,6.407648816756077170e-02,0.000000000000000000e+00,0.000000000000000000e+00,0.000000000000000000e+00,0.000000000000000000e+00
0.000000000000000000e+00,6.013542017793818695e-03,5.267756771231289770e-02,0.000000000000000000e+00,0.000000000000000000e+00,0.000000000000000000e+00,0.000000000000000000e+00,0.000000000000000000e+00,0.000000000000000000e+00,3.583338982683157543e-04,0.000000000000000000e+00,6.992218990431645076e-02,0.000000000000000000e+00,0.000000000000000000e+00,0.000000000000000000e+00,1.936331363928091125e-03,0.000000000000000000e+00,0.000000000000000000e+00,0.000000000000000000e+00,0.000000000000000000e+00,1.388778136316962076e-03,4.482211115576140159e-02,1.125831698714107633e-02,0.000000000000000000e+00,0.000000000000000000e+00,0.000000000000000000e+00,0.000000000000000000e+00,0.000000000000000000e+00,0.000000000000000000e+00
0.000000000000000000e+00,0.000000000000000000e+00,0.000000000000000000e+00,1.571282527905119852e-02,0.000000000000000000e+00,0.000000000000000000e+00,0.000000000000000000e+00,0.000000000000000000e+00,0.000000000000000000e+00,1.159941986594817398e-02,3.826476435533751955e-03,0.000000000000000000e+00,5.487181056830128974e-03,0.000000000000000000e+00,0.000000000000000000e+00,2.160280818371457245e-02,2.940650968156903813e-02,0.000000000000000000e+00,3.266401585398655272e-03,0.000000000000000000e+00,0.000000000000000000e+00,6.211726246377384736e-04,0.000000000000000000e+00,0.000000000000000000e+00,0.000000000000000000e+00,0.000000000000000000e+00,0.000000000000000000e+00,0.000000000000000000e+00,0.000000000000000000e+00
1.892207922913627036e-02,0.000000000000000000e+00,0.000000000000000000e+00,0.000000000000000000e+00,0.000000000000000000e+00,1.862485022683156577e-02,1.257401040161666358e-02,0.000000000000000000e+00,3.336747859564919393e-03,1.971150715897024893e-03,1.416686679866884478e-02,0.000000000000000000e+00,0.000000000000000000e+00,6.903774943191751112e-02,4.963147826287270942e-02,0.000000000000000000e+00,1.220442335952911031e-02,0.000000000000000000e+00,5.031100796345585767e-04,0.000000000000000000e+00,1.468293640365525218e-03,1.053016181818653384e-02,0.000000000000000000e+00,2.078294291696060683e-02,6.643082676319014487e-03,0.000000000000000000e+00,0.000000000000000000e+00,0.000000000000000000e+00,0.000000000000000000e+00
0.000000000000000000e+00,0.000000000000000000e+00,0.000000000000000000e+00,7.258391885402518118e-04,0.000000000000000000e+00,0.000000000000000000e+00,0.000000000000000000e+00,0.000000000000000000e+00,0.000000000000000000e+00,0.000000000000000000e+00,1.886469303824661820e-03,2.272407415715452239e-02,0.000000000000000000e+00,3.832915902343822512e-02,0.000000000000000000e+00,0.000000000000000000e+00,0.000000000000000000e+00,1.169572059838746778e-02,0.000000000000000000e+00,0.000000000000000000e+00,1.283005478286217971e-01,0.000000000000000000e+00,0.000000000000000000e+00,4.991565319981047105e-02,1.595509415454892180e-02,0.000000000000000000e+00,0.000000000000000000e+00,0.000000000000000000e+00,0.000000000000000000e+00
0.000000000000000000e+00,0.000000000000000000e+00,0.000000000000000000e+00,0.000000000000000000e+00,0.000000000000000000e+00,0.000000000000000000e+00,0.000000000000000000e+00,0.000000000000000000e+00,0.000000000000000000e+00,4.778977796583495224e-02,0.000000000000000000e+00,0.000000000000000000e+00,8.010553452558921012e-03,0.000000000000000000e+00,5.346023735631144852e-04,0.000000000000000000e+00,2.757905596305931448e-02,0.000000000000000000e+00,0.000000000000000000e+00,0.000000000000000000e+00,7.534394867016797580e-03,0.000000000000000000e+00,0.000000000000000000e+00,0.000000000000000000e+00,0.000000000000000000e+00,0.000000000000000000e+00,0.000000000000000000e+00,0.000000000000000000e+00,0.000000000000000000e+00
1.177867477336294322e-01,0.000000000000000000e+00,2.089472961073517848e-02,4.960341521025761653e-03,0.000000000000000000e+00,0.000000000000000000e+00,0.000000000000000000e+00,0.000000000000000000e+00,0.000000000000000000e+00,0.000000000000000000e+00,2.799262768742061605e-03,0.000000000000000000e+00,8.109611142844749127e-03,0.000000000000000000e+00,1.718391414033505413e-02,0.000000000000000000e+00,0.000000000000000000e+00,0.000000000000000000e+00,3.081703904255654602e-02,0.000000000000000000e+00,0.000000000000000000e+00,0.000000000000000000e+00,0.000000000000000000e+00,0.000000000000000000e+00,0.000000000000000000e+00,0.000000000000000000e+00,0.000000000000000000e+00,0.000000000000000000e+00,0.000000000000000000e+00
6.511050021066972816e-03,0.000000000000000000e+00,0.000000000000000000e+00,0.000000000000000000e+00,2.616989562043759202e-04,0.000000000000000000e+00,6.076435368100080621e-04,0.000000000000000000e+00,8.595117140849122721e-04,9.281644419157713231e-04,0.000000000000000000e+00,0.000000000000000000e+00,0.000000000000000000e+00,9.821174633177838943e-04,0.000000000000000000e+00,0.000000000000000000e+00,2.430421331348790390e-02,2.713067113516309413e-04,2.068993345406894627e-02,0.000000000000000000e+00,0.000000000000000000e+00,1.942836767392490741e-02,2.017171923250575191e-02,0.000000000000000000e+00,0.000000000000000000e+00,0.000000000000000000e+00,0.000000000000000000e+00,0.000000000000000000e+00,0.000000000000000000e+00
0.000000000000000000e+00,0.000000000000000000e+00,7.813510064477875559e-06,0.000000000000000000e+00,0.000000000000000000e+00,1.561160162663729513e-03,0.000000000000000000e+00,7.218908688479705980e-03,0.000000000000000000e+00,0.000000000000000000e+00,2.208491452004416808e-02,1.683538429892915368e-03,0.000000000000000000e+00,2.503506477229032468e-02,0.000000000000000000e+00,0.000000000000000000e+00,2.895512971675314687e-03,7.083158633793149896e-03,0.000000000000000000e+00,6.242986032022001218e-03,3.255840235449391357e-02,1.885313125539227197e-02,1.661802148363234269e-02,0.000000000000000000e+00,0.000000000000000000e+00,0.000000000000000000e+00,0.000000000000000000e+00,0.000000000000000000e+00,0.000000000000000000e+00
5.483214763136457816e-03,1.881903154048051793e-02,0.000000000000000000e+00,0.000000000000000000e+00,8.066287461481405499e-04,0.000000000000000000e+00,8.174563363792924919e-02,9.606265206463560774e-03,0.000000000000000000e+00,2.653190438837277863e-03,5.537687441230641772e-03,1.012130056925022135e-02,1.906547785558552642e-03,1.079272408090056930e-02,0.000000000000000000e+00,1.259304369155118952e-03,1.748068424991906984e-04,1.440296424811291973e-04,0.000000000000000000e+00,6.008431234864627588e-03,1.972392681892174912e-02,0.000000000000000000e+00,0.000000000000000000e+00,4.084014905354081681e-02,1.305419005189998281e-02,0.000000000000000000e+00,0.000000000000000000e+00,0.000000000000000000e+00,0.000000000000000000e+00
1.244498260804792131e-02,0.000000000000000000e+00,0.000000000000000000e+00,6.822761911969951049e-03,0.000000000000000000e+00,0.000000000000000000e+00,0.000000000000000000e+00,1.439406263339710343e-03,0.000000000000000000e+00,0.000000000000000000e+00,0.000000000000000000e+00,5.207410579234589103e-03,4.422929077539455162e-02,0.000000000000000000e+00,0.000000000000000000e+00,2.969446625859846738e-03,6.980951262311454672e-03,7.082907172444338588e-03,0.000000000000000000e+00,0.000000000000000000e+00,7.670469441138078395e-03,4.711253169851355518e-03,5.989990033785647615e-03,0.000000000000000000e+00,0.000000000000000000e+00,0.000000000000000000e+00,0.000000000000000000e+00,0.000000000000000000e+00,0.000000000000000000e+00
6.345783586045168796e-03,0.000000000000000000e+00,8.747257880777192102e-04,0.000000000000000000e+00,0.000000000000000000e+00,0.000000000000000000e+00,0.000000000000000000e+00,4.009029914062561535e-04,0.000000000000000000e+00,0.000000000000000000e+00,2.806854072280966922e-02,3.504837601917960583e-03,0.000000000000000000e+00,2.929166553062877588e-03,0.000000000000000000e+00,8.883316522084596734e-04,2.334688068295343033e-02,6.244735771364982695e-04,0.000000000000000000e+00,1.474470844367990969e-03,0.000000000000000000e+00,3.022252398099780843e-02,2.375429578758091013e-03,0.000000000000000000e+00,0.000000000000000000e+00,0.000000000000000000e+00,0.000000000000000000e+00,0.000000000000000000e+00,0.000000000000000000e+00
8.783748154467939384e-03,0.000000000000000000e+00,0.000000000000000000e+00,8.871928720493946902e-03,0.000000000000000000e+00,6.883355058450626031e-05,4.760358756738583677e-05,0.000000000000000000e+00,0.000000000000000000e+00,1.116374158408524331e-02,8.302509942586532715e-03,0.000000000000000000e+00,1.715286671320709680e-02,8.473997705423601517e-04,2.201128953940028990e-06,0.000000000000000000e+00,2.458736908905606935e-02,0.000000000000000000e+00,6.898153535954370044e-03,0.000000000000000000e+00,1.993454356571899583e-03,0.000000000000000000e+00,0.000000000000000000e+00,5.561088357545093631e-04,1.777552384046575417e-04,0.000000000000000000e+00,0.000000000000000000e+00,0.000000000000000000e+00,0.000000000000000000e+00
8.583482520340388749e-03,0.000000000000000000e+00,0.000000000000000000e+00,0.000000000000000000e+00,2.183384992956289693e-03,2.445043733845630708e-05,4.343463430945965209e-04,4.915539823463874365e-03,0.000000000000000000e+00,2.436550556998328537e-02,2.226153349400218293e-02,0.000000000000000000e+00,8.461622348771118129e-03,1.269309845616966442e-02,0.000000000000000000e+00,0.000000000000000000e+00,1.906472874782098902e-04,1.132157189196400689e-02,1.140869467550449830e-03,2.964876273837437504e-03,0.000000000000000000e+00,1.994457520383083327e-02,3.733585435720358434e-03,2.896130393473777664e-03,9.257222965060229927e-04,0.000000000000000000e+00,0.000000000000000000e+00,0.000000000000000000e+00,0.000000000000000000e+00
2.339857452745602601e-03,1.120023465443865940e-02,1.431546743570904709e-02,0.000000000000000000e+00,0.000000000000000000e+00,7.229362529854291286e-02,6.876795306838394753e-03,0.000000000000000000e+00,6.025834167883470024e-03,0.000000000000000000e+00,0.000000000000000000e+00,0.000000000000000000e+00,0.000000000000000000e+00,3.406006511130570125e-02,1.539298291065715474e-01,0.000000000000000000e+00,0.000000000000000000e+00,0.000000000000000000e+00,2.100232395919119591e-03,0.000000000000000000e+00,9.125967440137806863e-03,0.000000000000000000e+00,0.000000000000000000e+00,6.472321198191184621e-02,2.068819849001382258e-02,0.000000000000000000e+00,0.000000000000000000e+00,0.000000000000000000e+00,0.000000000000000000e+00
3.110062677209418994e-02,0.000000000000000000e+00,0.000000000000000000e+00,0.000000000000000000e+00,0.000000000000000000e+00,1.575356573373124728e-04,8.144093317243798757e-03,6.303006555938363807e-03,0.000000000000000000e+00,0.000000000000000000e+00,1.339536539349415502e-02,2.469578033552463376e-03,5.840062170352572574e-04,1.478138317568142811e-02,0.000000000000000000e+00,0.000000000000000000e+00,1.220481430453611120e-02,2.922725435868390141e-03,0.000000000000000000e+00,9.681349348533436604e-05,3.018741267966410912e-03,2.435465270465073107e-02,0.000000000000000000e+00,2.650610679389329375e-03,8.472441057204672466e-04,0.000000000000000000e+00,0.000000000000000000e+00,0.000000000000000000e+00,0.000000000000000000e+00
0.000000000000000000e+00,0.000000000000000000e+00,1.194944252386126405e-03,0.000000000000000000e+00,0.000000000000000000e+00,0.000000000000000000e+00,0.000000000000000000e+00,0.000000000000000000e+00,0.000000000000000000e+00,0.000000000000000000e+00,0.000000000000000000e+00,1.270133026804817376e-03,0.000000000000000000e+00,0.000000000000000000e+00,0.000000000000000000e+00,4.129989643290678247e-03,3.751518973524411299e-02,0.000000000000000000e+00,8.757044819236362411e-04,0.000000000000000000e+00,0.000000000000000000e+00,0.000000000000000000e+00,2.185507283371261947e-02,0.000000000000000000e+00,0.000000000000000000e+00,0.000000000000000000e+00,0.000000000000000000e+00,0.000000000000000000e+00,0.000000000000000000e+00
0.000000000000000000e+00,7.731257896067474621e-03,0.000000000000000000e+00,0.000000000000000000e+00,0.000000000000000000e+00,6.983719780352007356e-02,0.000000000000000000e+00,0.000000000000000000e+00,1.616899977347095729e-02,2.429675351356566735e-03,0.000000000000000000e+00,0.000000000000000000e+00,0.000000000000000000e+00,4.662643731010870929e-03,1.312822729743990946e-01,0.000000000000000000e+00,1.441770741173565608e-02,0.000000000000000000e+00,0.000000000000000000e+00,0.000000000000000000e+00,9.893697877224684782e-05,0.000000000000000000e+00,0.000000000000000000e+00,6.776593311672574060e-02,2.166077721191697961e-02,0.000000000000000000e+00,0.000000000000000000e+00,0.000000000000000000e+00,0.000000000000000000e+00
1.538869667539652895e-02,6.631982226610828868e-03,5.724978291137670754e-03,0.000000000000000000e+00,4.465349354594137093e-02,0.000000000000000000e+00,5.216685525629450324e-04,0.000000000000000000e+00,0.000000000000000000e+00,1.040903820031581148e-02,1.187166899988415132e-02,1.422092148612042069e-04,2.742496081274070456e-03,0.000000000000000000e+00,0.000000000000000000e+00,0.000000000000000000e+00,0.000000000000000000e+00,0.000000000000000000e+00,8.805106881946876685e-02,6.696424161851553293e-03,4.050602350230924058e-04,2.993059828512703059e-03,0.000000000000000000e+00,0.000000000000000000e+00,0.000000000000000000e+00,0.000000000000000000e+00,0.000000000000000000e+00,0.000000000000000000e+00,0.000000000000000000e+00
0.000000000000000000e+00,0.000000000000000000e+00,0.000000000000000000e+00,2.530086358073543006e-03,0.000000000000000000e+00,0.000000000000000000e+00,0.000000000000000000e+00,0.000000000000000000e+00,0.000000000000000000e+00,0.000000000000000000e+00,2.593246082498405682e-03,1.502369826215575223e-02,0.000000000000000000e+00,1.769660819327938464e-02,2.141853310046063299e-04,0.000000000000000000e+00,0.000000000000000000e+00,7.340994352999285176e-03,0.000000000000000000e+00,0.000000000000000000e+00,1.151581558372144209e-01,0.000000000000000000e+00,0.000000000000000000e+00,4.751545770991962708e-02,1.518789303474737604e-02,0.000000000000000000e+00,0.000000000000000000e+00,0.000000000000000000e+00,0.000000000000000000e+00
4.828364719503868731e-03,0.000000000000000000e+00,0.000000000000000000e+00,0.000000000000000000e+00,0.000000000000000000e+00,0.000000000000000000e+00,0.000000000000000000e+00,0.000000000000000000e+00,0.000000000000000000e+00,0.000000000000000000e+00,9.983327185977265705e-02,1.888076399879882322e-02,0.000000000000000000e+00,4.600962288413752016e-02,0.000000000000000000e+00,0.000000000000000000e+00,0.000000000000000000e+00,0.000000000000000000e+00,0.000000000000000000e+00,0.000000000000000000e+00,3.784430110699009420e-02,2.925648879670100094e-02,0.000000000000000000e+00,0.000000000000000000e+00,0.000000000000000000e+00,0.000000000000000000e+00,0.000000000000000000e+00,0.000000000000000000e+00,0.000000000000000000e+00
2.761170450193612281e-03,3.133730145706569575e-02,0.000000000000000000e+00,6.624944628110858262e-03,0.000000000000000000e+00,0.000000000000000000e+00,1.153219159827393800e-02,0.000000000000000000e+00,0.000000000000000000e+00,7.398775286865063618e-04,1.780729533607863097e-02,9.679777146363902421e-03,9.858190192790643874e-03,0.000000000000000000e+00,0.000000000000000000e+00,0.000000000000000000e+00,4.210299105719065692e-04,0.000000000000000000e+00,0.000000000000000000e+00,0.000000000000000000e+00,0.000000000000000000e+00,4.026156993035183082e-03,1.192497516331352718e-03,1.264383979725028917e-01,4.041490825185378027e-02,0.000000000000000000e+00,0.000000000000000000e+00,0.000000000000000000e+00,0.000000000000000000e+00
0.000000000000000000e+00,0.000000000000000000e+00,2.299131742267147144e-02,0.000000000000000000e+00,4.710858689959790640e-04,1.114198001318196908e-03,0.000000000000000000e+00,0.000000000000000000e+00,3.643765264500372636e-01,4.476909191860276201e-03,0.000000000000000000e+00,0.000000000000000000e+00,0.000000000000000000e+00,1.793990995026596572e-03,7.456775350273520814e-03,1.799797419583074787e-06,0.000000000000000000e+00,1.769068801307779187e-02,0.000000000000000000e+00,0.000000000000000000e+00,0.000000000000000000e+00,0.000000000000000000e+00,1.529135786766894840e-04,0.000000000000000000e+00,0.000000000000000000e+00,0.000000000000000000e+00,0.000000000000000000e+00,0.000000000000000000e+00,0.000000000000000000e+00
6.421862650358319685e-03,0.000000000000000000e+00,0.000000000000000000e+00,0.000000000000000000e+00,0.000000000000000000e+00,1.982954724545733793e-02,1.575208190069613077e-03,0.000000000000000000e+00,2.575312563372619563e-03,0.000000000000000000e+00,8.301803661914932547e-03,0.000000000000000000e+00,0.000000000000000000e+00,5.456884777306866136e-02,5.412104470220317765e-02,0.000000000000000000e+00,1.125005855091300126e-02,0.000000000000000000e+00,0.000000000000000000e+00,0.000000000000000000e+00,0.000000000000000000e+00,1.332854876712495987e-02,8.507884140832773241e-04,1.939347090731134704e-02,6.198950318673313378e-03,0.000000000000000000e+00,0.000000000000000000e+00,0.000000000000000000e+00,0.000000000000000000e+00
9.875570075017584340e-03,0.000000000000000000e+00,0.000000000000000000e+00,0.000000000000000000e+00,0.000000000000000000e+00,0.000000000000000000e+00,0.000000000000000000e+00,3.190441908996437259e-02,0.000000000000000000e+00,0.000000000000000000e+00,0.000000000000000000e+00,2.612612547735073190e-02,0.000000000000000000e+00,2.732159898247041654e-02,0.000000000000000000e+00,0.000000000000000000e+00,0.000000000000000000e+00,2.425395138683777291e-02,0.000000000000000000e+00,0.000000000000000000e+00,3.126300260362431527e-02,0.000000000000000000e+00,0.000000000000000000e+00,0.000000000000000000e+00,0.000000000000000000e+00,0.000000000000000000e+00,0.000000000000000000e+00,0.000000000000000000e+00,0.000000000000000000e+00
2.828562339145158748e-03,0.000000000000000000e+00,0.000000000000000000e+00,0.000000000000000000e+00,0.000000000000000000e+00,0.000000000000000000e+00,0.000000000000000000e+00,8.240804032462715686e-03,1.577690684782593776e-03,0.000000000000000000e+00,3.261149921654633854e-02,2.444739504765691337e-02,0.000000000000000000e+00,1.788814614089863711e-02,0.000000000000000000e+00,0.000000000000000000e+00,0.000000000000000000e+00,0.000000000000000000e+00,0.000000000000000000e+00,2.839003418201155662e-03,2.000278081711257330e-02,2.796527898506649765e-03,0.000000000000000000e+00,0.000000000000000000e+00,0.000000000000000000e+00,0.000000000000000000e+00,0.000000000000000000e+00,0.000000000000000000e+00,0.000000000000000000e+00
1.000955358581282059e-03,0.000000000000000000e+00,0.000000000000000000e+00,3.020928007383101490e-03,0.000000000000000000e+00,0.000000000000000000e+00,7.369117999808664143e-04,5.038299411369267632e-04,0.000000000000000000e+00,1.487783849683577131e-02,0.000000000000000000e+00,0.000000000000000000e+00,0.000000000000000000e+00,3.205625272426809117e-03,0.000000000000000000e+00,1.124713372277169870e-03,7.941421811130802005e-03,0.000000000000000000e+00,7.621391110003183575e-03,2.178907022259903448e-03,0.000000000000000000e+00,1.730809201479826046e-02,2.109298955691809013e-03,4.014330420254784947e-03,1.283144979917565662e-03,0.000000000000000000e+00,0.000000000000000000e+00,0.000000000000000000e+00,0.000000000000000000e+00
3.982025277636398394e-03,0.000000000000000000e+00,3.043484510787524636e-03,0.000000000000000000e+00,0.000000000000000000e+00,0.000000000000000000e+00,0.000000000000000000e+00,4.166103305207883266e-03,0.000000000000000000e+00,0.000000000000000000e+00,2.032502299071204874e-02,1.421347664424082655e-02,0.000000000000000000e+00,1.766913200966351363e-02,0.000000000000000000e+00,0.000000000000000000e+00,3.486010208400960875e-03,0.000000000000000000e+00,0.000000000000000000e+00,0.000000000000000000e+00,6.990383619460053752e-03,2.181617488286552095e-02,0.000000000000000000e+00,0.000000000000000000e+00,0.000000000000000000e+00,0.000000000000000000e+00,0.000000000000000000e+00,0.000000000000000000e+00,0.000000000000000000e+00
0.000000000000000000e+00,0.000000000000000000e+00,1.900175945730947155e-02,0.000000000000000000e+00,0.000000000000000000e+00,0.000000000000000000e+00,1.382445024450076367e-02,0.000000000000000000e+00,3.297604017655610033e-03,0.000000000000000000e+00,0.000000000000000000e+00,5.392466976543323215e-02,0.000000000000000000e+00,0.000000000000000000e+00,0.000000000000000000e+00,6.547353152233354075e-03,9.670606280738389127e-03,0.000000000000000000e+00,0.000000000000000000e+00,0.000000000000000000e+00,0.000000000000000000e+00,4.525465715593886989e-04,5.609448676469040718e-02,0.000000000000000000e+00,0.000000000000000000e+00,0.000000000000000000e+00,0.000000000000000000e+00,0.000000000000000000e+00,0.000000000000000000e+00
